0.0,0.0,7.0,0.0,0.0,0.0,0.0,0.0,4.0,3.0,0.0,1.0,0.0,1.0,1.0,2.0,0.0,3.0,5.0,1049.0,0.0,0.0,0.0,0.0,9.0,1.0,2.0,0.0,0.0,0.0,0.0,0.0,0.0,6.0,1.0,2.0,1.0,1.0,1.0,0.0,4.0,1.0,0.0,1.0,14.0,0.0,0.0
1.0,0.0,21.0,0.0,3.0,0.0,0.0,0.0,3.0,17.0,0.0,6.0,0.0,0.0,0.0,1.0,2.0,0.0,4.0,879.0,1.0,0.0,0.0,0.0,13.0,3.0,1.0,0.0,2.0,0.0,0.0,0.0,0.0,5.0,1.0,5.0,0.0,2.0,0.0,0.0,5.0,0.0,1.0,1.0,16.0,2.0,0.0
1.0,0.0,2.0,0.0,2.0,1.0,0.0,6.0,3.0,3.0,0.0,19.0,0.0,0.0,1.0,3.0,0.0,4.0,4.0,1006.0,0.0,1.0,0.0,1.0,6.0,6.0,2.0,4.0,1.0,0.0,0.0,0.0,2.0,0.0,2.0,9.0,3.0,4.0,0.0,0.0,9.0,1.0,0.0,7.0,42.0,0.0,0.0
0.0,0.0,4.0,0.0,0.0,0.0,1.0,0.0,5.0,5.0,3.0,4.0,0.0,3.0,1.0,1.0,0.0,0.0,11.0,936.0,1.0,1.0,0.0,0.0,7.0,1.0,0.0,1.0,1.0,0.0,0.0,7.0,1.0,2.0,0.0,2.0,0.0,6.0,3.0,1.0,3.0,2.0,0.0,2.0,75.0,0.0,0.0
0.0,0.0,13.0,0.0,6.0,0.0,0.0,0.0,13.0,2.0,0.0,15.0,1.0,2.0,0.0,4.0,0.0,0.0,9.0,1001.0,0.0,2.0,1.0,1.0,8.0,1.0,0.0,2.0,1.0,21.0,0.0,0.0,1.0,0.0,0.0,5.0,1.0,1.0,1.0,0.0,4.0,0.0,1.0,6.0,100.0,0.0,2.0
0.0,0.0,15.0,0.0,7.0,0.0,0.0,1.0,5.0,3.0,1.0,10.0,3.0,0.0,0.0,4.0,4.0,0.0,43.0,689.0,0.0,3.0,0.0,0.0,10.0,2.0,0.0,6.0,0.0,9.0,1.0,1.0,0.0,1.0,0.0,1.0,0.0,5.0,1.0,0.0,5.0,0.0,6.0,13.0,130.0,0.0,0.0
0.0,0.0,25.0,0.0,3.0,0.0,1.0,1.0,2.0,2.0,2.0,29.0,1.0,2.0,0.0,7.0,14.0,0.0,43.0,719.0,0.0,0.0,0.0,0.0,15.0,24.0,0.0,10.0,0.0,1.0,0.0,3.0,1.0,0.0,0.0,3.0,0.0,0.0,0.0,0.0,6.0,3.0,1.0,9.0,196.0,0.0,0.0
1.0,2.0,12.0,0.0,4.0,0.0,0.0,0.0,4.0,2.0,0.0,9.0,2.0,1.0,0.0,2.0,5.0,1.0,27.0,588.0,0.0,0.0,0.0,0.0,11.0,13.0,0.0,5.0,2.0,1.0,0.0,1.0,0.0,0.0,0.0,13.0,0.0,4.0,0.0,0.0,2.0,2.0,0.0,13.0,166.0,0.0,0.0
1.0,2.0,23.0,0.0,8.0,1.0,5.0,1.0,5.0,3.0,0.0,9.0,5.0,1.0,0.0,3.0,15.0,4.0,15.0,429.0,0.0,0.0,0.0,0.0,3.0,1.0,0.0,7.0,6.0,2.0,5.0,1.0,0.0,1.0,1.0,5.0,0.0,6.0,0.0,0.0,4.0,1.0,3.0,10.0,106.0,0.0,0.0
1.0,1.0,13.0,1.0,3.0,0.0,0.0,1.0,21.0,0.0,0.0,6.0,1.0,4.0,0.0,3.0,5.0,0.0,11.0,256.0,0.0,0.0,0.0,1.0,9.0,1.0,0.0,6.0,2.0,5.0,4.0,0.0,0.0,0.0,0.0,4.0,2.0,10.0,6.0,0.0,5.0,0.0,12.0,11.0,41.0,0.0,0.0
0.0,0.0,11.0,0.0,4.0,0.0,0.0,0.0,7.0,3.0,3.0,0.0,0.0,6.0,0.0,3.0,0.0,2.0,17.0,159.0,0.0,0.0,0.0,2.0,8.0,0.0,0.0,8.0,3.0,0.0,2.0,0.0,0.0,0.0,0.0,9.0,2.0,7.0,14.0,0.0,9.0,0.0,3.0,0.0,10.0,0.0,0.0
0.0,1.0,12.0,0.0,4.0,0.0,0.0,10.0,9.0,1.0,0.0,1.0,0.0,10.0,0.0,3.0,0.0,0.0,19.0,105.0,0.0,3.0,0.0,0.0,4.0,1.0,0.0,15.0,6.0,1.0,4.0,0.0,0.0,0.0,2.0,4.0,1.0,12.0,3.0,0.0,4.0,0.0,1.0,3.0,14.0,0.0,0.0
0.0,0.0,12.0,1.0,5.0,1.0,0.0,1.0,14.0,11.0,3.0,0.0,1.0,19.0,0.0,4.0,6.0,2.0,16.0,109.0,0.0,3.0,0.0,2.0,11.0,1.0,0.0,18.0,6.0,0.0,1.0,2.0,2.0,0.0,0.0,0.0,0.0,6.0,45.0,0.0,6.0,0.0,1.0,6.0,1.0,0.0,0.0
0.0,2.0,11.0,1.0,12.0,2.0,3.0,6.0,14.0,5.0,23.0,0.0,0.0,4.0,1.0,5.0,5.0,4.0,20.0,128.0,0.0,0.0,0.0,2.0,3.0,1.0,1.0,20.0,2.0,1.0,2.0,0.0,3.0,10.0,1.0,4.0,1.0,17.0,31.0,0.0,11.0,1.0,3.0,8.0,1.0,0.0,0.0
3.0,0.0,19.0,1.0,15.0,5.0,10.0,2.0,23.0,10.0,5.0,1.0,1.0,3.0,3.0,2.0,5.0,3.0,38.0,128.0,0.0,0.0,0.0,3.0,32.0,1.0,0.0,24.0,4.0,2.0,0.0,0.0,3.0,8.0,5.0,6.0,3.0,52.0,44.0,2.0,18.0,7.0,4.0,39.0,1.0,0.0,0.0
4.0,1.0,40.0,1.0,23.0,2.0,16.0,1.0,48.0,20.0,4.0,2.0,0.0,9.0,2.0,7.0,19.0,2.0,72.0,106.0,3.0,0.0,7.0,1.0,23.0,0.0,0.0,28.0,4.0,3.0,1.0,0.0,17.0,5.0,12.0,7.0,2.0,70.0,62.0,0.0,15.0,4.0,18.0,20.0,1.0,2.0,2.0
3.0,0.0,46.0,1.0,41.0,4.0,31.0,0.0,59.0,40.0,19.0,2.0,0.0,7.0,7.0,8.0,12.0,8.0,100.0,167.0,5.0,1.0,10.0,3.0,23.0,0.0,0.0,45.0,2.0,31.0,2.0,0.0,47.0,5.0,11.0,8.0,0.0,106.0,149.0,4.0,40.0,1.0,11.0,26.0,4.0,6.0,1.0
7.0,11.0,89.0,1.0,55.0,1.0,45.0,2.0,134.0,54.0,34.0,5.0,9.0,9.0,30.0,16.0,58.0,15.0,128.0,128.0,20.0,0.0,2.0,6.0,49.0,2.0,0.0,54.0,5.0,43.0,5.0,24.0,52.0,25.0,7.0,3.0,3.0,117.0,167.0,0.0,44.0,6.0,13.0,31.0,2.0,7.0,3.0
2.0,40.0,138.0,1.0,63.0,11.0,72.0,2.0,263.0,80.0,61.0,29.0,9.0,19.0,28.0,19.0,261.0,22.0,261.0,163.0,58.0,3.0,2.0,17.0,99.0,5.0,7.0,91.0,5.0,64.0,12.0,61.0,94.0,78.0,5.0,15.0,22.0,255.0,212.0,0.0,93.0,13.0,17.0,33.0,2.0,13.0,12.0
5.0,123.0,238.0,2.0,156.0,30.0,152.0,40.0,470.0,185.0,197.0,84.0,30.0,50.0,58.0,39.0,673.0,27.0,467.0,220.0,86.0,6.0,7.0,61.0,250.0,35.0,6.0,113.0,25.0,95.0,24.0,108.0,197.0,193.0,10.0,54.0,58.0,562.0,308.0,16.0,187.0,12.0,17.0,67.0,7.0,22.0,17.0
20.0,180.0,490.0,7.0,246.0,54.0,406.0,56.0,786.0,310.0,347.0,113.0,32.0,45.0,105.0,153.0,1281.0,47.0,961.0,330.0,201.0,9.0,25.0,134.0,657.0,107.0,13.0,138.0,43.0,171.0,52.0,182.0,364.0,252.0,13.0,245.0,52.0,1413.0,328.0,69.0,228.0,52.0,47.0,113.0,19.0,51.0,30.0
31.0,177.0,854.0,19.0,291.0,108.0,804.0,93.0,1055.0,562.0,650.0,79.0,38.0,67.0,132.0,166.0,1475.0,85.0,1570.0,452.0,411.0,31.0,64.0,156.0,988.0,142.0,39.0,256.0,76.0,425.0,56.0,165.0,356.0,289.0,76.0,732.0,103.0,1923.0,390.0,57.0,239.0,120.0,97.0,384.0,29.0,68.0,39.0
83.0,187.0,749.0,61.0,462.0,92.0,716.0,122.0,1260.0,805.0,1106.0,239.0,70.0,166.0,172.0,238.0,1381.0,205.0,1127.0,543.0,487.0,90.0,51.0,157.0,1022.0,152.0,96.0,513.0,89.0,486.0,56.0,179.0,213.0,218.0,85.0,1182.0,171.0,1476.0,241.0,54.0,408.0,155.0,234.0,780.0,120.0,74.0,79.0
176.0,537.0,4250.0,150.0,1650.0,479.0,1635.0,596.0,4549.0,2758.0,2684.0,962.0,251.0,370.0,828.0,1255.0,2716.0,689.0,5866.0,702.0,675.0,278.0,432.0,350.0,3308.0,500.0,436.0,687.0,444.0,1189.0,287.0,695.0,806.0,1056.0,157.0,3105.0,598.0,4845.0,759.0,288.0,1494.0,488.0,365.0,1659.0,725.0,185.0,280.0
518.0,795.0,7806.0,627.0,2797.0,1523.0,2406.0,1266.0,7142.0,5449.0,4480.0,2415.0,682.0,945.0,1749.0,2907.0,3495.0,1708.0,9989.0,1159.0,1208.0,793.0,1032.0,608.0,6518.0,1579.0,1156.0,1865.0,981.0,2022.0,662.0,1557.0,2128.0,2642.0,413.0,4341.0,1268.0,7807.0,1195.0,560.0,3630.0,1291.0,675.0,2936.0,1717.0,457.0,576.0
858.0,1470.0,13883.0,1561.0,4879.0,2468.0,2830.0,1792.0,11230.0,9097.0,8400.0,3564.0,1264.0,1326.0,2850.0,5844.0,3836.0,2850.0,17259.0,1560.0,2024.0,1536.0,1620.0,986.0,9010.0,2260.0,1983.0,2541.0,1799.0,3229.0,1417.0,2239.0,4112.0,5112.0,623.0,4950.0,2165.0,12185.0,1378.0,1024.0,7060.0,2345.0,1230.0,3451.0,3116.0,866.0,1003.0
999.0,1531.0,12667.0,1772.0,5271.0,2761.0,2082.0,2088.0,8973.0,9413.0,8843.0,3033.0,1489.0,1514.0,2603.0,7257.0,2595.0,3644.0,15006.0,2394.0,2213.0,1543.0,1569.0,1536.0,8026.0,2399.0,2162.0,2700.0,2055.0,3550.0,1676.0,2232.0,4546.0,4903.0,751.0,4100.0,1928.0,10266.0,1013.0,1084.0,8354.0,2670.0,1546.0,2693.0,4025.0,944.0,852.0
877.0,1091.0,7902.0,1469.0,4404.0,2228.0,1283.0,1590.0,5301.0,8239.0,6368.0,1958.0,1208.0,1525.0,2036.0,5781.0,1533.0,2854.0,8804.0,1750.0,2188.0,1442.0,1047.0,1412.0,5272.0,1726.0,1677.0,2503.0,1918.0,2769.0,1554.0,1403.0,3965.0,3764.0,857.0,2460.0,1663.0,5974.0,658.0,984.0,7035.0,2174.0,1766.0,1896.0,3784.0,799.0,653.0
679.0,548.0,3469.0,1059.0,2686.0,1499.0,679.0,1037.0,2620.0,5905.0,3310.0,1166.0,738.0,1279.0,1146.0,3579.0,823.0,2058.0,3811.0,1470.0,1295.0,912.0,624.0,1216.0,3167.0,963.0,952.0,2302.0,1318.0,1747.0,1094.0,1021.0,3008.0,1975.0,781.0,1424.0,1196.0,2735.0,381.0,807.0,4544.0,1561.0,1277.0,1078.0,2400.0,772.0,525.0
714.0,614.0,2763.0,896.0,2425.0,1371.0,559.0,1054.0,1917.0,5459.0,2248.0,1151.0,700.0,1151.0,1008.0,3267.0,604.0,1777.0,2611.0,978.0,938.0,901.0,484.0,1090.0,2593.0,1039.0,642.0,1687.0,1338.0,1582.0,846.0,847.0,2841.0,1312.0,773.0,1158.0,1297.0,1979.0,349.0,772.0,4122.0,1410.0,948.0,842.0,2262.0,853.0,489.0
673.0,563.0,2305.0,762.0,2425.0,985.0,453.0,1041.0,1662.0,5305.0,1750.0,1005.0,637.0,1091.0,761.0,2599.0,516.0,1442.0,1907.0,655.0,739.0,866.0,487.0,1210.0,2388.0,1113.0,520.0,1682.0,1370.0,1520.0,740.0,642.0,2866.0,925.0,741.0,915.0,1386.0,1462.0,270.0,875.0,3388.0,1206.0,693.0,649.0,2215.0,828.0,376.0
493.0,382.0,1751.0,557.0,2129.0,839.0,376.0,1001.0,1154.0,5317.0,1214.0,792.0,540.0,907.0,561.0,2005.0,402.0,1334.0,1471.0,649.0,605.0,859.0,326.0,949.0,2301.0,925.0,453.0,1737.0,1196.0,1269.0,625.0,433.0,2376.0,667.0,684.0,646.0,1317.0,1152.0,258.0,743.0,2633.0,1001.0,581.0,485.0,1961.0,797.0,337.0
461.0,347.0,1192.0,275.0,1834.0,523.0,250.0,937.0,740.0,4390.0,777.0,454.0,393.0,756.0,375.0,1560.0,446.0,1087.0,1061.0,433.0,444.0,758.0,251.0,621.0,1906.0,741.0,372.0,1549.0,1037.0,1026.0,494.0,408.0,1721.0,529.0,520.0,357.0,1205.0,842.0,242.0,624.0,1939.0,765.0,556.0,349.0,1620.0,579.0,345.0
434.0,323.0,972.0,141.0,1327.0,381.0,170.0,734.0,443.0,3568.0,473.0,315.0,326.0,679.0,213.0,1307.0,358.0,969.0,870.0,306.0,375.0,894.0,161.0,468.0,1565.0,853.0,337.0,1406.0,983.0,744.0,398.0,293.0,1468.0,407.0,440.0,258.0,1179.0,709.0,198.0,493.0,1608.0,741.0,597.0,347.0,1230.0,462.0,351.0
269.0,230.0,544.0,102.0,711.0,273.0,77.0,569.0,250.0,2170.0,392.0,243.0,185.0,401.0,205.0,852.0,262.0,573.0,423.0,235.0,265.0,643.0,87.0,203.0,1099.0,680.0,173.0,856.0,763.0,374.0,312.0,222.0,854.0,319.0,326.0,165.0,730.0,408.0,171.0,324.0,1170.0,472.0,416.0,227.0,873.0,228.0,220.0
210.0,110.0,346.0,62.0,471.0,148.0,59.0,338.0,183.0,1217.0,327.0,210.0,125.0,257.0,159.0,494.0,142.0,347.0,337.0,173.0,219.0,469.0,86.0,73.0,687.0,392.0,152.0,640.0,421.0,227.0,250.0,157.0,516.0,227.0,202.0,60.0,467.0,289.0,112.0,170.0,738.0,280.0,372.0,174.0,474.0,130.0,115.0
182.0,109.0,251.0,40.0,310.0,119.0,26.0,282.0,149.0,576.0,376.0,258.0,80.0,146.0,112.0,379.0,89.0,251.0,233.0,166.0,173.0,359.0,101.0,62.0,529.0,241.0,107.0,492.0,271.0,186.0,158.0,144.0,311.0,212.0,103.0,64.0,310.0,165.0,87.0,80.0,550.0,183.0,278.0,101.0,271.0,78.0,91.0
173.0,236.0,366.0,85.0,523.0,121.0,44.0,475.0,218.0,731.0,677.0,478.0,116.0,144.0,189.0,534.0,118.0,326.0,391.0,276.0,205.0,364.0,238.0,87.0,860.0,451.0,126.0,513.0,358.0,285.0,264.0,256.0,333.0,240.0,127.0,72.0,485.0,240.0,273.0,102.0,927.0,182.0,236.0,150.0,418.0,74.0,112.0
200.0,206.0,399.0,85.0,366.0,105.0,56.0,456.0,194.0,718.0,900.0,525.0,113.0,182.0,218.0,660.0,145.0,294.0,427.0,247.0,215.0,354.0,293.0,56.0,955.0,441.0,205.0,435.0,318.0,358.0,339.0,343.0,267.0,317.0,148.0,41.0,499.0,303.0,245.0,130.0,899.0,197.0,280.0,176.0,496.0,54.0,147.0
172.0,130.0,268.0,80.0,205.0,119.0,45.0,317.0,160.0,570.0,579.0,349.0,77.0,160.0,112.0,414.0,142.0,249.0,309.0,250.0,146.0,219.0,139.0,55.0,1029.0,387.0,198.0,315.0,196.0,234.0,205.0,340.0,196.0,178.0,164.0,37.0,305.0,295.0,178.0,110.0,725.0,203.0,216.0,157.0,369.0,27.0,112.0
90.0,95.0,317.0,56.0,195.0,189.0,29.0,270.0,95.0,369.0,511.0,252.0,76.0,87.0,127.0,351.0,107.0,227.0,263.0,190.0,80.0,140.0,136.0,31.0,837.0,390.0,208.0,259.0,161.0,167.0,219.0,230.0,126.0,224.0,108.0,18.0,246.0,272.0,147.0,70.0,638.0,136.0,122.0,164.0,304.0,22.0,59.0
80.0,81.0,377.0,43.0,219.0,201.0,48.0,256.0,122.0,290.0,440.0,221.0,81.0,81.0,116.0,447.0,177.0,290.0,308.0,199.0,109.0,180.0,109.0,20.0,670.0,329.0,230.0,215.0,155.0,263.0,321.0,165.0,108.0,182.0,127.0,24.0,129.0,324.0,146.0,44.0,639.0,108.0,100.0,169.0,216.0,17.0,45.0
45.0,42.0,192.0,9.0,143.0,110.0,31.0,180.0,166.0,149.0,448.0,133.0,66.0,26.0,107.0,216.0,68.0,165.0,200.0,269.0,73.0,95.0,72.0,7.0,441.0,225.0,172.0,159.0,81.0,182.0,183.0,99.0,44.0,112.0,80.0,24.0,64.0,168.0,102.0,18.0,403.0,78.0,36.0,110.0,159.0,4.0,25.0
23.0,17.0,135.0,5.0,75.0,62.0,21.0,132.0,78.0,84.0,195.0,63.0,27.0,28.0,82.0,92.0,24.0,52.0,148.0,297.0,38.0,26.0,54.0,0.0,286.0,137.0,106.0,127.0,50.0,96.0,86.0,43.0,28.0,50.0,63.0,11.0,34.0,99.0,33.0,18.0,207.0,29.0,22.0,62.0,95.0,2.0,15.0
9.0,8.0,61.0,0.0,48.0,30.0,8.0,81.0,45.0,43.0,69.0,66.0,19.0,12.0,20.0,78.0,24.0,46.0,75.0,258.0,24.0,10.0,20.0,0.0,160.0,78.0,69.0,80.0,31.0,63.0,48.0,51.0,8.0,23.0,30.0,7.0,39.0,40.0,30.0,4.0,113.0,4.0,23.0,62.0,73.0,1.0,14.0
10.0,2.0,28.0,2.0,37.0,16.0,10.0,65.0,31.0,28.0,24.0,44.0,16.0,2.0,14.0,46.0,16.0,15.0,35.0,234.0,21.0,7.0,5.0,0.0,72.0,41.0,29.0,60.0,19.0,27.0,26.0,20.0,1.0,14.0,12.0,2.0,17.0,22.0,18.0,2.0,40.0,3.0,11.0,32.0,82.0,1.0,10.0
3.0,3.0,13.0,0.0,25.0,8.0,5.0,36.0,34.0,16.0,16.0,28.0,5.0,0.0,7.0,8.0,9.0,3.0,28.0,241.0,7.0,0.0,3.0,0.0,30.0,55.0,39.0,55.0,11.0,2.0,10.0,19.0,0.0,10.0,5.0,19.0,3.0,15.0,4.0,0.0,19.0,8.0,0.0,15.0,31.0,0.0,9.0
0.0,1.0,7.0,0.0,7.0,4.0,2.0,26.0,17.0,6.0,17.0,11.0,3.0,1.0,1.0,6.0,1.0,7.0,43.0,272.0,4.0,0.0,3.0,0.0,62.0,12.0,19.0,41.0,1.0,3.0,4.0,8.0,2.0,1.0,7.0,5.0,0.0,7.0,10.0,0.0,4.0,6.0,1.0,4.0,15.0,0.0,3.0
0.0,1.0,7.0,0.0,8.0,1.0,1.0,17.0,18.0,4.0,2.0,25.0,1.0,1.0,2.0,0.0,5.0,5.0,13.0,235.0,0.0,0.0,0.0,0.0,17.0,16.0,16.0,48.0,0.0,0.0,0.0,0.0,0.0,0.0,0.0,0.0,0.0,1.0,4.0,0.0,7.0,7.0,0.0,2.0,7.0,0.0,8.0
0.0,0.0,2.0,0.0,4.0,0.0,1.0,19.0,12.0,4.0,4.0,16.0,0.0,0.0,0.0,0.0,0.0,2.0,8.0,205.0,0.0,3.0,2.0,0.0,9.0,17.0,7.0,11.0,0.0,0.0,0.0,4.0,0.0,0.0,1.0,2.0,0.0,1.0,1.0,0.0,8.0,3.0,0.0,0.0,2.0,0.0,5.0
1.0,0.0,0.0,0.0,1.0,0.0,0.0,9.0,8.0,1.0,2.0,6.0,0.0,0.0,1.0,3.0,0.0,0.0,11.0,158.0,4.0,0.0,0.0,0.0,1.0,6.0,0.0,2.0,1.0,0.0,0.0,2.0,0.0,0.0,0.0,2.0,0.0,1.0,0.0,0.0,6.0,0.0,0.0,0.0,2.0,0.0,2.0
0.0,0.0,1.0,2.0,0.0,0.0,0.0,4.0,2.0,2.0,1.0,1.0,0.0,0.0,0.0,2.0,0.0,3.0,2.0,100.0,0.0,0.0,0.0,0.0,3.0,1.0,0.0,3.0,0.0,0.0,1.0,0.0,0.0,0.0,1.0,2.0,0.0,0.0,0.0,0.0,7.0,0.0,0.0,1.0,0.0,0.0,0.0
0.0,0.0,1.0,0.0,0.0,0.0,0.0,2.0,2.0,2.0,0.0,0.0,0.0,0.0,1.0,4.0,0.0,2.0,9.0,64.0,0.0,0.0,0.0,0.0,3.0,0.0,0.0,7.0,0.0,0.0,0.0,0.0,0.0,0.0,0.0,1.0,1.0,0.0,1.0,0.0,3.0,0.0,0.0,0.0,0.0,0.0,0.0
0.0,0.0,1.0,1.0,1.0,1.0,0.0,1.0,1.0,0.0,1.0,4.0,0.0,0.0,2.0,3.0,0.0,0.0,5.0,64.0,0.0,0.0,0.0,0.0,3.0,0.0,0.0,2.0,0.0,0.0,0.0,0.0,1.0,0.0,1.0,0.0,0.0,0.0,0.0,0.0,2.0,0.0,0.0,0.0,0.0,0.0,0.0
0.0,0.0,1.0,0.0,0.0,0.0,0.0,1.0,0.0,0.0,0.0,2.0,0.0,0.0,0.0,0.0,0.0,1.0,2.0,47.0,0.0,0.0,0.0,0.0,5.0,0.0,0.0,5.0,0.0,3.0,0.0,0.0,0.0,0.0,0.0,0.0,0.0,0.0,0.0,0.0,2.0,1.0,0.0,1.0,0.0,0.0,1.0
1.0,0.0,1.0,0.0,1.0,0.0,0.0,1.0,0.0,2.0,0.0,0.0,0.0,0.0,0.0,0.0,0.0,0.0,3.0,33.0,0.0,0.0,0.0,0.0,4.0,0.0,0.0,5.0,0.0,1.0,0.0,0.0,1.0,1.0,2.0,1.0,0.0,0.0,0.0,0.0,7.0,1.0,0.0,0.0,0.0,0.0,0.0
0.0,0.0,0.0,4.0,0.0,3.0,0.0,0.0,0.0,1.0,0.0,0.0,1.0,0.0,0.0,0.0,0.0,15.0,1.0,36.0,0.0,0.0,0.0,0.0,7.0,0.0,0.0,8.0,0.0,2.0,0.0,0.0,1.0,0.0,0.0,0.0,0.0,1.0,0.0,0.0,3.0,0.0,0.0,0.0,0.0,0.0,0.0
0.0,0.0,0.0,0.0,1.0,6.0,0.0,0.0,0.0,0.0,0.0,0.0,0.0,0.0,0.0,2.0,0.0,1.0,2.0,42.0,1.0,0.0,0.0,0.0,0.0,0.0,0.0,3.0,0.0,0.0,0.0,0.0,0.0,0.0,0.0,2.0,1.0,0.0,0.0,0.0,4.0,0.0,0.0,0.0,1.0,2.0,0.0
12.0,0.0,1.0,0.0,0.0,0.0,0.0,1.0,0.0,3.0,0.0,0.0,0.0,0.0,0.0,1.0,0.0,9.0,4.0,55.0,2.0,0.0,0.0,0.0,1.0,0.0,0.0,4.0,0.0,0.0,1.0,3.0,0.0,0.0,0.0,0.0,0.0,1.0,0.0,0.0,6.0,0.0,0.0,0.0,1.0,2.0,0.0
10.0,0.0,2.0,0.0,12.0,1.0,2.0,0.0,2.0,2.0,2.0,0.0,0.0,1.0,2.0,0.0,0.0,0.0,1.0,43.0,0.0,0.0,0.0,0.0,0.0,0.0,0.0,7.0,0.0,3.0,3.0,1.0,0.0,0.0,0.0,5.0,0.0,0.0,0.0,0.0,13.0,0.0,0.0,1.0,0.0,0.0,0.0
17.0,0.0,1.0,0.0,10.0,2.0,1.0,0.0,4.0,1.0,0.0,1.0,0.0,0.0,0.0,1.0,0.0,1.0,1.0,45.0,0.0,0.0,0.0,1.0,0.0,0.0,1.0,7.0,4.0,7.0,0.0,3.0,0.0,0.0,0.0,4.0,1.0,2.0,0.0,0.0,2.0,0.0,0.0,1.0,1.0,0.0,0.0
6.0,0.0,6.0,1.0,9.0,1.0,16.0,0.0,4.0,0.0,1.0,0.0,0.0,0.0,2.0,12.0,0.0,1.0,4.0,58.0,0.0,0.0,0.0,0.0,3.0,0.0,0.0,5.0,1.0,4.0,0.0,0.0,1.0,0.0,0.0,3.0,0.0,4.0,0.0,3.0,6.0,0.0,0.0,1.0,0.0,1.0,0.0
2.0,0.0,14.0,0.0,4.0,0.0,9.0,0.0,6.0,3.0,4.0,1.0,0.0,0.0,0.0,29.0,1.0,3.0,14.0,55.0,0.0,3.0,0.0,0.0,4.0,0.0,0.0,6.0,0.0,2.0,0.0,0.0,0.0,1.0,0.0,9.0,0.0,0.0,0.0,12.0,5.0,0.0,0.0,1.0,0.0,2.0,0.0
3.0,0.0,3.0,0.0,17.0,0.0,0.0,4.0,9.0,4.0,11.0,5.0,3.0,0.0,0.0,2.0,0.0,0.0,7.0,30.0,0.0,0.0,0.0,0.0,2.0,0.0,1.0,4.0,0.0,0.0,0.0,0.0,1.0,0.0,0.0,0.0,0.0,0.0,0.0,4.0,8.0,0.0,1.0,0.0,3.0,0.0,0.0
0.0,3.0,8.0,0.0,42.0,1.0,3.0,2.0,8.0,4.0,26.0,9.0,3.0,2.0,1.0,11.0,0.0,1.0,39.0,40.0,5.0,0.0,0.0,0.0,2.0,0.0,0.0,24.0,0.0,1.0,0.0,0.0,0.0,0.0,0.0,2.0,1.0,6.0,12.0,0.0,10.0,1.0,1.0,1.0,2.0,2.0,0.0
0.0,1.0,25.0,0.0,12.0,34.0,6.0,8.0,26.0,10.0,32.0,1.0,0.0,2.0,5.0,4.0,0.0,3.0,35.0,45.0,12.0,0.0,0.0,1.0,26.0,1.0,0.0,30.0,1.0,5.0,0.0,4.0,1.0,2.0,0.0,4.0,1.0,11.0,19.0,8.0,13.0,1.0,9.0,0.0,0.0,1.0,0.0
0.0,0.0,33.0,1.0,24.0,43.0,5.0,8.0,28.0,9.0,37.0,0.0,0.0,4.0,8.0,11.0,0.0,10.0,53.0,54.0,20.0,0.0,0.0,2.0,4.0,0.0,1.0,54.0,3.0,6.0,1.0,10.0,5.0,6.0,4.0,7.0,2.0,3.0,9.0,6.0,22.0,5.0,16.0,3.0,7.0,0.0,4.0
1.0,0.0,51.0,0.0,17.0,19.0,11.0,5.0,27.0,22.0,161.0,1.0,1.0,5.0,0.0,36.0,5.0,6.0,52.0,59.0,17.0,3.0,2.0,1.0,5.0,0.0,1.0,43.0,4.0,9.0,0.0,15.0,4.0,4.0,2.0,19.0,8.0,28.0,5.0,3.0,26.0,8.0,7.0,4.0,12.0,0.0,1.0
3.0,0.0,52.0,0.0,31.0,26.0,33.0,13.0,53.0,30.0,293.0,6.0,10.0,3.0,7.0,23.0,5.0,14.0,123.0,55.0,49.0,21.0,1.0,8.0,7.0,3.0,0.0,63.0,2.0,12.0,1.0,13.0,4.0,10.0,2.0,41.0,22.0,78.0,32.0,7.0,28.0,31.0,18.0,17.0,65.0,2.0,2.0
5.0,1.0,69.0,4.0,42.0,27.0,58.0,38.0,104.0,68.0,238.0,8.0,9.0,8.0,33.0,44.0,6.0,21.0,173.0,64.0,87.0,5.0,4.0,38.0,57.0,2.0,1.0,67.0,13.0,17.0,33.0,53.0,29.0,27.0,0.0,85.0,61.0,123.0,81.0,26.0,96.0,41.0,24.0,21.0,132.0,8.0,2.0
9.0,1.0,117.0,13.0,53.0,39.0,91.0,66.0,140.0,112.0,274.0,21.0,13.0,60.0,27.0,63.0,19.0,48.0,282.0,76.0,56.0,22.0,4.0,96.0,130.0,3.0,4.0,77.0,23.0,43.0,72.0,103.0,48.0,25.0,2.0,65.0,137.0,274.0,105.0,22.0,138.0,47.0,24.0,11.0,220.0,14.0,5.0
1.0,3.0,149.0,25.0,86.0,55.0,60.0,78.0,173.0,161.0,381.0,38.0,16.0,72.0,19.0,71.0,18.0,65.0,303.0,103.0,63.0,11.0,6.0,117.0,183.0,8.0,14.0,111.0,19.0,52.0,46.0,120.0,61.0,25.0,9.0,67.0,288.0,309.0,90.0,17.0,153.0,39.0,16.0,49.0,280.0,28.0,7.0
3.0,6.0,327.0,56.0,247.0,63.0,109.0,206.0,283.0,264.0,406.0,153.0,70.0,85.0,23.0,190.0,89.0,85.0,451.0,125.0,43.0,34.0,30.0,188.0,361.0,31.0,50.0,148.0,32.0,119.0,48.0,204.0,62.0,53.0,20.0,125.0,348.0,556.0,125.0,17.0,269.0,78.0,48.0,84.0,434.0,39.0,37.0
16.0,30.0,544.0,79.0,294.0,55.0,107.0,294.0,245.0,413.0,464.0,372.0,53.0,112.0,28.0,288.0,140.0,155.0,618.0,270.0,45.0,60.0,44.0,238.0,568.0,84.0,66.0,230.0,77.0,155.0,61.0,217.0,94.0,57.0,30.0,132.0,292.0,638.0,139.0,74.0,434.0,127.0,124.0,115.0,546.0,57.0,26.0
55.0,36.0,146.0,74.0,251.0,87.0,86.0,390.0,283.0,794.0,333.0,271.0,41.0,165.0,64.0,165.0,110.0,192.0,282.0,760.0,98.0,48.0,4.0,312.0,644.0,208.0,77.0,711.0,84.0,200.0,30.0,202.0,135.0,68.0,47.0,324.0,142.0,316.0,89.0,33.0,512.0,155.0,162.0,171.0,392.0,104.0,38.0
132.0,256.0,1654.0,147.0,1011.0,238.0,325.0,645.0,1192.0,1311.0,644.0,433.0,254.0,346.0,243.0,949.0,389.0,579.0,2098.0,1154.0,142.0,185.0,65.0,418.0,1338.0,452.0,173.0,775.0,427.0,431.0,243.0,453.0,421.0,180.0,133.0,639.0,425.0,1523.0,298.0,405.0,1854.0,470.0,168.0,291.0,863.0,255.0,73.0
221.0,549.0,3656.0,313.0,1889.0,477.0,628.0,1282.0,2853.0,2765.0,1102.0,954.0,594.0,777.0,551.0,2453.0,1198.0,1418.0,4637.0,2131.0,297.0,383.0,197.0,645.0,3230.0,1155.0,412.0,1664.0,812.0,983.0,419.0,1019.0,997.0,544.0,278.0,1287.0,745.0,3263.0,585.0,666.0,4384.0,959.0,327.0,710.0,1207.0,480.0,137.0
472.0,974.0,10558.0,610.0,3582.0,981.0,1450.0,2300.0,6406.0,5058.0,2591.0,2273.0,1147.0,1660.0,1060.0,5119.0,2632.0,3007.0,12317.0,3139.0,467.0,759.0,566.0,1003.0,6374.0,2234.0,1373.0,2183.0,1635.0,2320.0,888.0,2298.0,1796.0,1439.0,678.0,2411.0,1149.0,8322.0,1357.0,940.0,7876.0,2053.0,616.0,1251.0,2101.0,859.0,334.0
528.0,1282.0,16161.0,783.0,4479.0,1351.0,2115.0,3102.0,9046.0,7223.0,5262.0,2871.0,1359.0,2360.0,1567.0,6231.0,4018.0,4280.0,17091.0,4001.0,1042.0,1078.0,856.0,952.0,9022.0,3309.0,1962.0,2744.0,2591.0,3885.0,1073.0,3482.0,2190.0,2221.0,1127.0,3301.0,1483.0,11919.0,1757.0,936.0,9319.0,2398.0,789.0,1939.0,2556.0,924.0,438.0
483.0,1219.0,13060.0,805.0,3887.0,1303.0,2004.0,2653.0,8228.0,7419.0,7526.0,2180.0,1335.0,1964.0,2076.0,5362.0,4222.0,3645.0,14288.0,2166.0,1354.0,929.0,1324.0,631.0,7388.0,2335.0,2014.0,2377.0,2462.0,3412.0,1013.0,3038.0,1921.0,2616.0,1145.0,2746.0,1564.0,10360.0,1361.0,742.0,7315.0,1813.0,965.0,2361.0,1653.0,732.0,433.0
623.0,657.0,9962.0,942.0,3426.0,1399.0,1843.0,2382.0,6323.0,7165.0,9671.0,2239.0,1047.0,1676.0,2305.0,4377.0,3300.0,3120.0,11727.0,1947.0,1764.0,922.0,1235.0,645.0,7979.0,1881.0,2280.0,2455.0,2447.0,2741.0,937.0,2912.0,1802.0,2845.0,1168.0,2777.0,1777.0,8225.0,1194.0,732.0,6404.0,1787.0,1045.0,2331.0,1551.0,734.0,461.0
797.0,408.0,10018.0,1049.0,3216.0,1693.0,1604.0,2504.0,5846.0,6103.0,8884.0,2680.0,981.0,1428.0,2554.0,4225.0,2270.0,2901.0,11911.0,1650.0,1931.0,1162.0,1242.0,859.0,8497.0,2048.0,2021.0,2168.0,2555.0,2432.0,916.0,2861.0,1760.0,3288.0,1381.0,2648.0,1730.0,7360.0,1195.0,686.0,5944.0,1821.0,1035.0,1957.0,2060.0,769.0,531.0
980.0,407.0,10462.0,1118.0,3470.0,1814.0,1731.0,2314.0,6416.0,6128.0,8204.0,2582.0,1049.0,1362.0,3271.0,4601.0,1973.0,3144.0,11973.0,1335.0,2303.0,1479.0,1175.0,1034.0,8228.0,2260.0,2186.0,2140.0,2733.0,2467.0,902.0,2444.0,1815.0,3550.0,1653.0,2926.0,1963.0,7547.0,1079.0,801.0,6885.0,1911.0,1182.0,2030.0,2106.0,830.0,776.0
817.0,453.0,7849.0,975.0,2688.0,1388.0,1533.0,1628.0,4946.0,4669.0,6800.0,1917.0,834.0,1002.0,3626.0,4058.0,1774.0,2377.0,9419.0,915.0,2423.0,1303.0,1131.0,860.0,6111.0,1478.0,2290.0,1668.0,2098.0,2072.0,896.0,1539.0,1507.0,3057.0,1246.0,2184.0,1737.0,6352.0,777.0,624.0,5554.0,1492.0,820.0,1790.0,1419.0,629.0,685.0
804.0,595.0,6483.0,1118.0,2988.0,1583.0,1646.0,1543.0,4860.0,4465.0,6564.0,1625.0,953.0,958.0,3704.0,4207.0,1701.0,2168.0,8563.0,895.0,2642.0,1339.0,1239.0,913.0,5487.0,1563.0,2471.0,1640.0,2024.0,2548.0,1139.0,1313.0,1731.0,3137.0,1477.0,2517.0,1920.0,5787.0,759.0,674.0,5592.0,1489.0,1027.0,2008.0,1617.0,648.0,709.0
726.0,818.0,4531.0,890.0,2780.0,1349.0,1337.0,1241.0,3719.0,3947.0,5009.0,1229.0,785.0,723.0,2736.0,3189.0,1582.0,1738.0,6102.0,1026.0,2158.0,1178.0,1120.0,822.0,4131.0,1346.0,1781.0,1740.0,1421.0,2136.0,1084.0,933.0,1495.0,2525.0,1279.0,2162.0,1632.0,4412.0,632.0,539.0,4665.0,1197.0,992.0,2095.0,1804.0,564.0,654.0
439.0,694.0,2742.0,576.0,1836.0,880.0,892.0,834.0,2334.0,2663.0,3057.0,727.0,406.0,453.0,1734.0,2110.0,1291.0,1123.0,3880.0,807.0,1416.0,848.0,965.0,648.0,2009.0,899.0,1245.0,1116.0,902.0,1443.0,859.0,507.0,971.0,1820.0,870.0,1552.0,942.0,2647.0,356.0,409.0,2941.0,796.0,831.0,1434.0,1282.0,321.0,447.0
293.0,331.0,1409.0,244.0,923.0,427.0,459.0,386.0,1122.0,1183.0,1585.0,374.0,261.0,236.0,788.0,1031.0,784.0,576.0,2001.0,605.0,785.0,391.0,580.0,288.0,884.0,473.0,786.0,644.0,391.0,823.0,430.0,257.0,559.0,855.0,389.0,573.0,459.0,1222.0,162.0,163.0,1467.0,384.0,508.0,735.0,705.0,114.0,245.0
173.0,339.0,818.0,186.0,561.0,261.0,317.0,272.0,773.0,868.0,1044.0,259.0,200.0,119.0,461.0,661.0,511.0,374.0,1264.0,455.0,533.0,301.0,424.0,211.0,665.0,352.0,578.0,430.0,208.0,486.0,376.0,188.0,438.0,596.0,193.0,346.0,272.0,727.0,100.0,126.0,1008.0,281.0,433.0,596.0,593.0,84.0,157.0
148.0,457.0,731.0,182.0,677.0,268.0,419.0,272.0,755.0,949.0,1126.0,150.0,247.0,165.0,648.0,728.0,727.0,466.0,1181.0,598.0,710.0,291.0,524.0,161.0,551.0,265.0,656.0,472.0,300.0,891.0,435.0,183.0,486.0,782.0,186.0,312.0,266.0,826.0,100.0,136.0,1042.0,318.0,552.0,793.0,574.0,115.0,134.0
141.0,257.0,536.0,169.0,458.0,252.0,472.0,224.0,609.0,716.0,1074.0,118.0,203.0,131.0,750.0,743.0,588.0,337.0,840.0,509.0,696.0,182.0,617.0,119.0,403.0,214.0,610.0,375.0,239.0,811.0,425.0,191.0,417.0,610.0,137.0,228.0,198.0,710.0,104.0,103.0,825.0,309.0,576.0,890.0,396.0,133.0,137.0
134.0,134.0,214.0,69.0,212.0,165.0,227.0,119.0,267.0,400.0,685.0,75.0,87.0,97.0,397.0,431.0,329.0,232.0,416.0,595.0,525.0,132.0,451.0,86.0,215.0,138.0,351.0,323.0,95.0,478.0,250.0,120.0,304.0,333.0,86.0,126.0,141.0,362.0,52.0,86.0,520.0,297.0,371.0,613.0,259.0,93.0,63.0
33.0,70.0,89.0,41.0,100.0,85.0,75.0,46.0,91.0,202.0,282.0,53.0,61.0,41.0,155.0,170.0,113.0,117.0,138.0,496.0,239.0,61.0,154.0,30.0,99.0,52.0,85.0,224.0,30.0,217.0,87.0,31.0,147.0,109.0,37.0,49.0,65.0,130.0,15.0,42.0,237.0,153.0,179.0,248.0,137.0,45.0,24.0
35.0,56.0,63.0,31.0,65.0,64.0,41.0,59.0,79.0,123.0,202.0,41.0,57.0,21.0,103.0,134.0,78.0,93.0,104.0,467.0,127.0,35.0,204.0,43.0,104.0,33.0,67.0,108.0,39.0,181.0,50.0,12.0,118.0,80.0,26.0,26.0,71.0,52.0,39.0,38.0,166.0,129.0,76.0,138.0,155.0,30.0,13.0
25.0,39.0,42.0,4.0,54.0,50.0,13.0,43.0,55.0,96.0,98.0,26.0,28.0,15.0,47.0,83.0,40.0,46.0,49.0,443.0,135.0,11.0,141.0,43.0,61.0,19.0,31.0,75.0,21.0,105.0,43.0,7.0,90.0,34.0,8.0,6.0,69.0,27.0,13.0,22.0,145.0,61.0,54.0,65.0,140.0,30.0,4.0
19.0,14.0,35.0,9.0,33.0,38.0,9.0,15.0,29.0,58.0,37.0,8.0,15.0,11.0,35.0,41.0,24.0,27.0,37.0,404.0,106.0,11.0,81.0,9.0,22.0,25.0,9.0,41.0,8.0,69.0,19.0,3.0,64.0,19.0,5.0,7.0,22.0,14.0,2.0,11.0,69.0,30.0,34.0,32.0,78.0,12.0,9.0
3.0,7.0,6.0,4.0,27.0,14.0,0.0,21.0,17.0,26.0,12.0,0.0,3.0,4.0,11.0,13.0,9.0,8.0,8.0,307.0,23.0,1.0,36.0,5.0,7.0,18.0,2.0,22.0,1.0,19.0,2.0,0.0,20.0,8.0,4.0,3.0,10.0,3.0,0.0,7.0,32.0,15.0,12.0,11.0,67.0,4.0,3.0
7.0,3.0,29.0,1.0,9.0,8.0,1.0,16.0,5.0,10.0,5.0,2.0,0.0,1.0,7.0,4.0,7.0,6.0,14.0,329.0,10.0,0.0,21.0,2.0,4.0,13.0,0.0,7.0,0.0,8.0,1.0,0.0,10.0,1.0,9.0,0.0,5.0,7.0,0.0,2.0,16.0,1.0,5.0,3.0,53.0,0.0,3.0
3.0,1.0,21.0,1.0,5.0,5.0,1.0,10.0,2.0,2.0,6.0,0.0,0.0,0.0,5.0,1.0,4.0,0.0,5.0,264.0,9.0,0.0,3.0,0.0,11.0,12.0,2.0,4.0,0.0,2.0,0.0,0.0,6.0,2.0,1.0,0.0,5.0,5.0,0.0,1.0,10.0,1.0,0.0,3.0,95.0,0.0,0.0
1.0,0.0,5.0,0.0,1.0,3.0,1.0,5.0,5.0,5.0,4.0,0.0,0.0,2.0,4.0,2.0,0.0,0.0,7.0,193.0,12.0,0.0,3.0,0.0,9.0,7.0,1.0,9.0,0.0,1.0,0.0,0.0,3.0,1.0,0.0,1.0,4.0,4.0,0.0,0.0,7.0,0.0,0.0,1.0,45.0,1.0,0.0
0.0,0.0,3.0,0.0,2.0,2.0,1.0,1.0,3.0,3.0,2.0,1.0,0.0,1.0,3.0,2.0,0.0,3.0,4.0,198.0,8.0,0.0,10.0,0.0,20.0,5.0,2.0,8.0,1.0,0.0,3.0,0.0,1.0,0.0,0.0,3.0,1.0,0.0,0.0,0.0,5.0,0.0,0.0,0.0,25.0,3.0,0.0
0.0,0.0,5.0,0.0,1.0,1.0,0.0,2.0,0.0,3.0,8.0,0.0,0.0,3.0,1.0,0.0,0.0,6.0,1.0,136.0,6.0,0.0,1.0,0.0,3.0,1.0,0.0,8.0,3.0,0.0,0.0,0.0,0.0,0.0,0.0,0.0,4.0,0.0,0.0,0.0,6.0,4.0,4.0,0.0,9.0,0.0,0.0
0.0,0.0,5.0,0.0,5.0,1.0,1.0,4.0,1.0,1.0,2.0,0.0,0.0,0.0,1.0,1.0,0.0,6.0,3.0,128.0,2.0,0.0,0.0,0.0,4.0,1.0,0.0,6.0,1.0,0.0,0.0,3.0,1.0,0.0,0.0,2.0,1.0,2.0,0.0,1.0,8.0,3.0,3.0,0.0,2.0,0.0,0.0
0.0,0.0,6.0,0.0,2.0,0.0,0.0,1.0,1.0,1.0,1.0,2.0,0.0,1.0,0.0,1.0,0.0,2.0,2.0,72.0,2.0,0.0,0.0,0.0,9.0,0.0,0.0,4.0,0.0,0.0,0.0,2.0,3.0,1.0,0.0,1.0,0.0,0.0,0.0,0.0,9.0,0.0,0.0,1.0,1.0,0.0,1.0
1.0,0.0,8.0,0.0,1.0,0.0,0.0,0.0,1.0,1.0,0.0,4.0,1.0,3.0,0.0,0.0,0.0,1.0,4.0,69.0,2.0,0.0,0.0,0.0,15.0,0.0,0.0,2.0,2.0,1.0,0.0,0.0,2.0,0.0,0.0,0.0,9.0,0.0,0.0,0.0,6.0,0.0,1.0,0.0,1.0,0.0,0.0
0.0,0.0,10.0,0.0,1.0,1.0,0.0,0.0,0.0,5.0,1.0,3.0,0.0,0.0,0.0,1.0,1.0,1.0,3.0,42.0,1.0,0.0,0.0,0.0,15.0,0.0,0.0,6.0,1.0,0.0,0.0,0.0,0.0,0.0,0.0,0.0,3.0,0.0,0.0,0.0,6.0,0.0,0.0,0.0,0.0,0.0,0.0
0.0,0.0,5.0,6.0,0.0,0.0,1.0,0.0,2.0,1.0,1.0,3.0,1.0,3.0,0.0,3.0,0.0,4.0,5.0,37.0,3.0,1.0,0.0,0.0,0.0,2.0,0.0,5.0,1.0,0.0,0.0,1.0,3.0,2.0,0.0,0.0,1.0,0.0,1.0,0.0,8.0,0.0,0.0,1.0,0.0,0.0,0.0
2.0,0.0,3.0,0.0,2.0,0.0,1.0,0.0,3.0,2.0,2.0,0.0,0.0,2.0,0.0,3.0,0.0,3.0,3.0,29.0,1.0,0.0,0.0,0.0,2.0,6.0,0.0,3.0,2.0,0.0,0.0,0.0,0.0,0.0,3.0,0.0,1.0,2.0,0.0,0.0,6.0,0.0,0.0,0.0,0.0,1.0,0.0
4.0,0.0,5.0,0.0,0.0,1.0,0.0,0.0,0.0,2.0,1.0,0.0,0.0,6.0,0.0,2.0,0.0,0.0,6.0,49.0,1.0,0.0,0.0,3.0,0.0,10.0,0.0,1.0,1.0,0.0,0.0,0.0,7.0,0.0,1.0,0.0,2.0,2.0,2.0,0.0,9.0,5.0,0.0,0.0,0.0,3.0,0.0
12.0,0.0,3.0,0.0,2.0,0.0,1.0,1.0,3.0,0.0,4.0,3.0,0.0,2.0,0.0,2.0,0.0,0.0,6.0,76.0,0.0,0.0,0.0,21.0,0.0,4.0,0.0,2.0,19.0,0.0,0.0,0.0,7.0,0.0,0.0,0.0,0.0,2.0,0.0,0.0,6.0,2.0,0.0,0.0,0.0,0.0,2.0
18.0,0.0,10.0,1.0,1.0,5.0,2.0,0.0,8.0,0.0,2.0,1.0,0.0,2.0,0.0,6.0,0.0,0.0,16.0,67.0,0.0,0.0,0.0,16.0,4.0,10.0,0.0,16.0,5.0,0.0,0.0,0.0,0.0,0.0,0.0,1.0,0.0,3.0,3.0,1.0,47.0,1.0,0.0,1.0,0.0,3.0,8.0
5.0,0.0,7.0,0.0,3.0,8.0,0.0,0.0,2.0,0.0,2.0,0.0,1.0,0.0,0.0,11.0,0.0,0.0,51.0,56.0,0.0,0.0,0.0,9.0,7.0,3.0,0.0,6.0,0.0,0.0,4.0,4.0,7.0,0.0,0.0,0.0,0.0,2.0,4.0,0.0,5.0,0.0,0.0,1.0,0.0,2.0,1.0
2.0,0.0,16.0,0.0,9.0,17.0,0.0,62.0,9.0,1.0,0.0,13.0,5.0,1.0,0.0,22.0,0.0,1.0,37.0,63.0,0.0,0.0,0.0,10.0,9.0,6.0,0.0,10.0,0.0,0.0,0.0,12.0,7.0,0.0,0.0,3.0,8.0,1.0,1.0,6.0,10.0,2.0,0.0,0.0,0.0,1.0,0.0
0.0,0.0,15.0,0.0,5.0,23.0,4.0,34.0,14.0,4.0,0.0,27.0,9.0,4.0,3.0,9.0,0.0,1.0,31.0,46.0,0.0,0.0,0.0,5.0,25.0,2.0,0.0,11.0,2.0,0.0,0.0,4.0,3.0,0.0,0.0,0.0,10.0,2.0,1.0,3.0,12.0,4.0,0.0,0.0,17.0,2.0,0.0
0.0,0.0,21.0,1.0,3.0,15.0,0.0,16.0,26.0,5.0,0.0,21.0,3.0,3.0,0.0,5.0,0.0,1.0,26.0,39.0,3.0,0.0,0.0,1.0,19.0,1.0,0.0,4.0,1.0,1.0,0.0,3.0,6.0,3.0,1.0,2.0,13.0,4.0,0.0,0.0,10.0,9.0,0.0,0.0,11.0,1.0,0.0
0.0,0.0,7.0,2.0,5.0,9.0,1.0,5.0,15.0,0.0,3.0,20.0,1.0,1.0,4.0,8.0,2.0,2.0,30.0,25.0,0.0,0.0,0.0,1.0,6.0,0.0,0.0,10.0,2.0,0.0,0.0,6.0,8.0,5.0,0.0,0.0,6.0,4.0,0.0,2.0,7.0,2.0,0.0,0.0,9.0,5.0,0.0
1.0,0.0,52.0,0.0,7.0,6.0,3.0,6.0,62.0,2.0,1.0,16.0,1.0,3.0,2.0,12.0,0.0,3.0,32.0,35.0,4.0,0.0,1.0,0.0,10.0,0.0,0.0,6.0,2.0,1.0,0.0,5.0,18.0,5.0,0.0,1.0,4.0,4.0,3.0,0.0,33.0,6.0,0.0,1.0,11.0,0.0,0.0
0.0,0.0,86.0,1.0,10.0,18.0,3.0,6.0,59.0,11.0,12.0,69.0,6.0,5.0,0.0,11.0,1.0,2.0,93.0,33.0,22.0,0.0,15.0,1.0,13.0,1.0,4.0,13.0,4.0,4.0,0.0,24.0,25.0,64.0,1.0,2.0,5.0,67.0,4.0,1.0,44.0,4.0,0.0,0.0,8.0,2.0,4.0
5.0,3.0,99.0,0.0,26.0,25.0,11.0,7.0,81.0,25.0,12.0,76.0,15.0,5.0,5.0,27.0,13.0,11.0,161.0,32.0,17.0,2.0,18.0,2.0,18.0,0.0,0.0,16.0,5.0,22.0,4.0,29.0,27.0,49.0,2.0,10.0,5.0,136.0,1.0,1.0,66.0,9.0,2.0,8.0,4.0,1.0,5.0
7.0,0.0,244.0,7.0,19.0,45.0,21.0,9.0,103.0,52.0,45.0,39.0,19.0,7.0,5.0,64.0,32.0,26.0,302.0,22.0,54.0,8.0,55.0,0.0,37.0,1.0,1.0,25.0,12.0,45.0,10.0,56.0,25.0,28.0,4.0,18.0,5.0,178.0,5.0,4.0,87.0,5.0,1.0,62.0,3.0,4.0,9.0
15.0,8.0,614.0,10.0,91.0,110.0,36.0,20.0,335.0,122.0,117.0,93.0,47.0,9.0,19.0,141.0,59.0,27.0,791.0,59.0,397.0,21.0,49.0,3.0,97.0,0.0,2.0,17.0,27.0,74.0,10.0,81.0,33.0,31.0,28.0,60.0,21.0,435.0,0.0,6.0,238.0,20.0,15.0,210.0,4.0,2.0,15.0
27.0,13.0,1337.0,40.0,199.0,115.0,66.0,22.0,614.0,218.0,421.0,135.0,144.0,26.0,115.0,196.0,99.0,149.0,1496.0,79.0,673.0,25.0,83.0,5.0,117.0,4.0,5.0,34.0,40.0,126.0,16.0,98.0,41.0,78.0,32.0,120.0,30.0,1233.0,2.0,24.0,457.0,37.0,53.0,487.0,15.0,0.0,50.0
41.0,65.0,2221.0,92.0,226.0,208.0,149.0,54.0,1174.0,308.0,1307.0,203.0,276.0,88.0,299.0,376.0,237.0,447.0,2420.0,112.0,739.0,19.0,116.0,12.0,243.0,45.0,58.0,87.0,111.0,299.0,59.0,93.0,100.0,198.0,66.0,362.0,30.0,2334.0,75.0,37.0,852.0,104.0,83.0,584.0,62.0,34.0,87.0
77.0,186.0,4208.0,249.0,493.0,492.0,289.0,193.0,2317.0,671.0,3237.0,453.0,764.0,312.0,688.0,1172.0,557.0,1129.0,4192.0,328.0,1010.0,80.0,421.0,24.0,928.0,162.0,183.0,219.0,346.0,549.0,124.0,167.0,247.0,429.0,166.0,687.0,62.0,4607.0,92.0,149.0,2204.0,232.0,169.0,769.0,96.0,145.0,181.0
112.0,416.0,7329.0,721.0,1274.0,837.0,758.0,487.0,4276.0,1788.0,5890.0,1113.0,1288.0,712.0,1549.0,2743.0,1506.0,2391.0,8570.0,549.0,1583.0,281.0,812.0,172.0,2604.0,305.0,516.0,456.0,767.0,1053.0,252.0,598.0,807.0,658.0,250.0,1544.0,135.0,8598.0,163.0,343.0,5452.0,505.0,484.0,1285.0,273.0,299.0,248.0
186.0,1019.0,11689.0,1616.0,2458.0,1481.0,1441.0,1225.0,6880.0,3944.0,7627.0,2390.0,1711.0,1473.0,2382.0,6064.0,2415.0,3658.0,13554.0,1260.0,2187.0,566.0,1266.0,451.0,7087.0,1234.0,961.0,862.0,1403.0,1986.0,654.0,1292.0,2123.0,938.0,605.0,2819.0,451.0,11599.0,443.0,1007.0,10321.0,1287.0,994.0,2001.0,755.0,648.0,558.0
559.0,543.0,2447.0,1862.0,2266.0,1373.0,1121.0,1971.0,2837.0,5953.0,5698.0,2237.0,386.0,2334.0,1140.0,2635.0,1792.0,3205.0,3802.0,2827.0,2228.0,723.0,471.0,1026.0,8759.0,1504.0,1467.0,3625.0,1080.0,1919.0,404.0,1822.0,1754.0,661.0,765.0,3354.0,825.0,4702.0,654.0,584.0,5715.0,1727.0,2261.0,2349.0,1006.0,906.0,838.0
923.0,1634.0,8997.0,1972.0,6232.0,2173.0,2052.0,4578.0,6759.0,8632.0,4543.0,3560.0,1444.0,2040.0,2760.0,6892.0,2669.0,3420.0,9806.0,3653.0,1998.0,1181.0,1008.0,1479.0,10750.0,4509.0,1786.0,2534.0,2294.0,2526.0,1163.0,2661.0,4268.0,1890.0,1090.0,3633.0,2405.0,6738.0,1808.0,1456.0,8502.0,3611.0,1371.0,2437.0,3370.0,1534.0,975.0
1694.0,1529.0,7859.0,1830.0,7061.0,2331.0,2199.0,5887.0,7283.0,11581.0,3277.0,4032.0,1410.0,2373.0,2764.0,6756.0,2853.0,3557.0,8198.0,4917.0,1739.0,1735.0,1230.0,2383.0,11697.0,5875.0,1869.0,3471.0,2511.0,2879.0,1462.0,3855.0,5191.0,2837.0,1818.0,3710.0,3777.0,5639.0,2720.0,1512.0,8280.0,4974.0,1354.0,2693.0,5577.0,1817.0,1091.0
1664.0,1541.0,9381.0,1536.0,6276.0,2235.0,2253.0,5734.0,8004.0,11891.0,3372.0,4035.0,1335.0,2132.0,3545.0,7414.0,3316.0,3250.0,9605.0,3779.0,1487.0,2573.0,1654.0,2452.0,12023.0,5077.0,2281.0,3397.0,3020.0,3780.0,2011.0,4151.0,5498.0,4650.0,2026.0,3571.0,5183.0,6219.0,2731.0,1528.0,8640.0,4954.0,1373.0,2582.0,7309.0,1422.0,1135.0
1047.0,1123.0,7813.0,855.0,3639.0,1640.0,1766.0,3205.0,6082.0,8775.0,4054.0,2635.0,876.0,1502.0,2786.0,5200.0,2483.0,2250.0,7835.0,2774.0,1438.0,2081.0,1268.0,1791.0,7609.0,2973.0,2236.0,2404.0,2446.0,3109.0,1621.0,3393.0,3923.0,4740.0,1346.0,2568.0,3569.0,4962.0,1635.0,1195.0,6174.0,2998.0,1542.0,2112.0,4940.0,830.0,820.0
590.0,602.0,4978.0,499.0,2190.0,1266.0,1216.0,1591.0,4174.0,5410.0,3937.0,1485.0,598.0,947.0,1807.0,3326.0,1564.0,1480.0,4743.0,1616.0,1424.0,1399.0,827.0,1121.0,4377.0,1546.0,1619.0,1852.0,1631.0,2160.0,1212.0,2000.0,2884.0,3443.0,945.0,1560.0,2171.0,3591.0,952.0,878.0,3967.0,1776.0,1258.0,1497.0,2972.0,519.0,507.0
401.0,386.0,3066.0,352.0,1334.0,762.0,896.0,848.0,2670.0,3386.0,3360.0,816.0,311.0,617.0,1080.0,2114.0,1140.0,969.0,3204.0,1162.0,1133.0,811.0,547.0,929.0,2452.0,854.0,1029.0,1354.0,986.0,1326.0,729.0,1196.0,1671.0,2071.0,750.0,1062.0,1193.0,2243.0,594.0,471.0,2342.0,957.0,879.0,1064.0,1850.0,331.0,332.0
237.0,202.0,2204.0,209.0,967.0,568.0,732.0,433.0,2049.0,2111.0,2458.0,586.0,225.0,375.0,708.0,1443.0,803.0,652.0,2213.0,843.0,812.0,599.0,333.0,826.0,1496.0,592.0,602.0,813.0,712.0,881.0,479.0,825.0,1008.0,1285.0,630.0,659.0,828.0,1567.0,333.0,311.0,1502.0,647.0,638.0,684.0,1186.0,231.0,320.0
189.0,133.0,1553.0,132.0,557.0,429.0,452.0,258.0,1651.0,1329.0,2132.0,367.0,199.0,275.0,481.0,990.0,544.0,463.0,1694.0,492.0,616.0,336.0,272.0,679.0,1012.0,435.0,428.0,481.0,448.0,707.0,367.0,551.0,739.0,996.0,346.0,561.0,545.0,1136.0,260.0,211.0,1122.0,382.0,512.0,560.0,652.0,154.0,231.0
120.0,120.0,1091.0,81.0,399.0,375.0,255.0,186.0,1200.0,904.0,1632.0,316.0,163.0,183.0,460.0,708.0,401.0,328.0,1175.0,354.0,482.0,301.0,315.0,475.0,752.0,330.0,355.0,407.0,412.0,426.0,280.0,440.0,521.0,621.0,224.0,333.0,383.0,829.0,171.0,186.0,891.0,323.0,318.0,347.0,488.0,124.0,138.0
164.0,109.0,942.0,58.0,405.0,354.0,180.0,171.0,1027.0,794.0,1609.0,286.0,217.0,164.0,381.0,773.0,331.0,366.0,1107.0,354.0,400.0,331.0,213.0,522.0,653.0,297.0,306.0,301.0,326.0,488.0,198.0,468.0,429.0,550.0,252.0,275.0,341.0,746.0,94.0,173.0,828.0,345.0,278.0,338.0,483.0,109.0,128.0
182.0,186.0,693.0,70.0,445.0,301.0,200.0,231.0,1023.0,709.0,1299.0,230.0,196.0,149.0,362.0,866.0,346.0,390.0,983.0,419.0,286.0,323.0,242.0,542.0,646.0,318.0,200.0,261.0,288.0,450.0,219.0,451.0,424.0,530.0,208.0,254.0,356.0,778.0,109.0,203.0,845.0,519.0,231.0,360.0,404.0,124.0,121.0
163.0,179.0,501.0,73.0,272.0,202.0,149.0,103.0,812.0,425.0,935.0,180.0,121.0,96.0,271.0,580.0,258.0,246.0,636.0,304.0,150.0,205.0,220.0,293.0,396.0,202.0,140.0,173.0,197.0,283.0,198.0,210.0,281.0,442.0,113.0,163.0,229.0,403.0,62.0,117.0,611.0,476.0,181.0,247.0,240.0,100.0,116.0
108.0,141.0,372.0,58.0,290.0,138.0,92.0,143.0,481.0,418.0,552.0,180.0,113.0,96.0,211.0,510.0,223.0,217.0,580.0,284.0,114.0,170.0,174.0,236.0,319.0,151.0,72.0,155.0,146.0,249.0,175.0,146.0,208.0,335.0,78.0,143.0,178.0,352.0,48.0,103.0,540.0,435.0,119.0,282.0,217.0,69.0,126.0
80.0,57.0,310.0,59.0,164.0,85.0,44.0,120.0,308.0,313.0,427.0,134.0,67.0,61.0,141.0,302.0,169.0,140.0,417.0,282.0,92.0,129.0,178.0,118.0,308.0,95.0,63.0,103.0,124.0,180.0,132.0,85.0,171.0,288.0,114.0,81.0,115.0,278.0,70.0,47.0,370.0,238.0,107.0,241.0,198.0,34.0,76.0
89.0,49.0,399.0,113.0,301.0,102.0,72.0,130.0,490.0,394.0,479.0,182.0,102.0,50.0,143.0,389.0,171.0,173.0,618.0,427.0,237.0,168.0,295.0,155.0,386.0,155.0,72.0,114.0,103.0,218.0,197.0,110.0,174.0,368.0,97.0,193.0,128.0,337.0,151.0,71.0,440.0,320.0,126.0,335.0,236.0,32.0,94.0
54.0,86.0,322.0,90.0,245.0,100.0,87.0,165.0,450.0,425.0,406.0,174.0,95.0,82.0,160.0,497.0,187.0,219.0,528.0,457.0,264.0,124.0,271.0,119.0,355.0,177.0,77.0,136.0,179.0,197.0,182.0,76.0,164.0,373.0,78.0,135.0,159.0,327.0,126.0,93.0,460.0,268.0,145.0,271.0,281.0,16.0,70.0
42.0,34.0,102.0,92.0,136.0,79.0,42.0,111.0,282.0,271.0,295.0,144.0,54.0,61.0,102.0,313.0,107.0,153.0,188.0,481.0,146.0,67.0,158.0,46.0,262.0,152.0,56.0,87.0,134.0,164.0,132.0,64.0,162.0,208.0,85.0,75.0,116.0,191.0,67.0,50.0,332.0,235.0,213.0,262.0,194.0,4.0,85.0
46.0,11.0,30.0,43.0,73.0,38.0,27.0,62.0,97.0,134.0,144.0,67.0,15.0,35.0,44.0,114.0,51.0,78.0,96.0,441.0,76.0,20.0,54.0,19.0,167.0,109.0,26.0,93.0,42.0,60.0,59.0,35.0,74.0,59.0,41.0,28.0,32.0,82.0,46.0,19.0,148.0,122.0,106.0,148.0,153.0,10.0,28.0
20.0,15.0,40.0,28.0,55.0,42.0,19.0,71.0,98.0,84.0,116.0,64.0,18.0,20.0,44.0,86.0,30.0,43.0,71.0,264.0,78.0,51.0,71.0,20.0,140.0,81.0,43.0,42.0,45.0,95.0,46.0,45.0,51.0,54.0,61.0,23.0,28.0,77.0,27.0,34.0,99.0,81.0,90.0,95.0,142.0,31.0,28.0
13.0,7.0,29.0,37.0,55.0,39.0,32.0,31.0,68.0,69.0,177.0,31.0,13.0,5.0,58.0,99.0,31.0,32.0,52.0,207.0,102.0,61.0,115.0,12.0,120.0,46.0,34.0,23.0,35.0,99.0,26.0,36.0,39.0,40.0,46.0,10.0,14.0,37.0,28.0,35.0,68.0,68.0,70.0,63.0,141.0,21.0,24.0
6.0,6.0,14.0,17.0,33.0,36.0,11.0,23.0,43.0,61.0,132.0,12.0,1.0,7.0,77.0,56.0,19.0,22.0,36.0,235.0,72.0,35.0,56.0,3.0,106.0,54.0,14.0,17.0,28.0,62.0,43.0,26.0,47.0,56.0,39.0,23.0,15.0,17.0,7.0,16.0,56.0,46.0,38.0,38.0,153.0,15.0,23.0
2.0,2.0,12.0,4.0,6.0,26.0,7.0,19.0,29.0,49.0,49.0,28.0,1.0,2.0,24.0,51.0,12.0,13.0,34.0,268.0,24.0,23.0,18.0,10.0,57.0,33.0,5.0,7.0,16.0,14.0,13.0,9.0,30.0,45.0,26.0,35.0,0.0,7.0,5.0,9.0,25.0,15.0,5.0,13.0,119.0,11.0,18.0
1.0,2.0,15.0,15.0,7.0,4.0,2.0,10.0,21.0,36.0,18.0,24.0,0.0,4.0,31.0,26.0,6.0,8.0,8.0,179.0,19.0,12.0,17.0,10.0,13.0,18.0,7.0,8.0,11.0,11.0,14.0,4.0,19.0,29.0,12.0,37.0,0.0,6.0,4.0,3.0,17.0,8.0,10.0,13.0,106.0,4.0,14.0
3.0,2.0,26.0,5.0,10.0,4.0,2.0,13.0,5.0,27.0,2.0,24.0,0.0,7.0,7.0,29.0,7.0,4.0,21.0,186.0,1.0,2.0,26.0,15.0,19.0,10.0,1.0,3.0,13.0,27.0,3.0,0.0,6.0,13.0,7.0,5.0,2.0,7.0,0.0,1.0,8.0,1.0,2.0,4.0,70.0,1.0,1.0
4.0,1.0,20.0,2.0,11.0,0.0,0.0,14.0,13.0,9.0,5.0,12.0,0.0,4.0,2.0,9.0,11.0,5.0,13.0,234.0,8.0,0.0,8.0,20.0,7.0,7.0,1.0,1.0,0.0,16.0,0.0,28.0,3.0,4.0,0.0,1.0,1.0,1.0,0.0,0.0,6.0,0.0,0.0,1.0,51.0,1.0,0.0
5.0,0.0,29.0,1.0,8.0,2.0,1.0,6.0,3.0,6.0,8.0,3.0,0.0,1.0,6.0,11.0,4.0,5.0,10.0,257.0,4.0,0.0,3.0,6.0,7.0,4.0,0.0,1.0,2.0,10.0,1.0,24.0,6.0,0.0,1.0,2.0,1.0,5.0,0.0,1.0,8.0,2.0,0.0,2.0,53.0,4.0,0.0
2.0,0.0,14.0,2.0,1.0,0.0,0.0,3.0,10.0,4.0,18.0,3.0,0.0,4.0,1.0,4.0,0.0,2.0,8.0,277.0,0.0,0.0,1.0,2.0,3.0,11.0,4.0,3.0,0.0,6.0,1.0,4.0,3.0,3.0,0.0,0.0,0.0,2.0,0.0,0.0,9.0,2.0,0.0,0.0,31.0,11.0,1.0
1.0,0.0,4.0,2.0,2.0,5.0,0.0,3.0,10.0,7.0,7.0,2.0,0.0,0.0,0.0,2.0,0.0,3.0,5.0,301.0,0.0,1.0,0.0,1.0,3.0,6.0,3.0,0.0,1.0,10.0,12.0,9.0,2.0,1.0,0.0,1.0,10.0,3.0,0.0,0.0,12.0,0.0,0.0,0.0,38.0,10.0,0.0
1.0,0.0,3.0,2.0,0.0,4.0,0.0,3.0,3.0,5.0,3.0,0.0,1.0,0.0,0.0,3.0,0.0,0.0,10.0,281.0,0.0,1.0,0.0,0.0,10.0,5.0,2.0,2.0,2.0,1.0,1.0,2.0,0.0,3.0,0.0,1.0,1.0,2.0,0.0,0.0,7.0,2.0,0.0,0.0,19.0,1.0,0.0
0.0,0.0,3.0,4.0,0.0,2.0,0.0,4.0,1.0,7.0,4.0,2.0,0.0,2.0,1.0,6.0,3.0,2.0,11.0,208.0,1.0,2.0,0.0,0.0,6.0,1.0,0.0,0.0,1.0,0.0,1.0,1.0,1.0,0.0,0.0,0.0,0.0,2.0,0.0,0.0,8.0,0.0,0.0,0.0,29.0,0.0,0.0
0.0,0.0,4.0,0.0,0.0,0.0,0.0,1.0,5.0,4.0,2.0,3.0,3.0,0.0,0.0,2.0,0.0,1.0,3.0,204.0,0.0,1.0,0.0,0.0,2.0,1.0,1.0,0.0,0.0,0.0,0.0,1.0,2.0,0.0,0.0,0.0,0.0,2.0,0.0,0.0,5.0,1.0,0.0,0.0,19.0,0.0,0.0
0.0,0.0,6.0,0.0,2.0,1.0,1.0,2.0,5.0,3.0,4.0,0.0,1.0,1.0,0.0,0.0,0.0,2.0,4.0,160.0,0.0,5.0,0.0,1.0,4.0,3.0,0.0,0.0,0.0,0.0,0.0,0.0,1.0,0.0,0.0,1.0,0.0,2.0,0.0,0.0,8.0,0.0,0.0,2.0,12.0,0.0,0.0
0.0,0.0,4.0,0.0,0.0,1.0,0.0,0.0,6.0,4.0,8.0,7.0,1.0,0.0,0.0,2.0,1.0,1.0,4.0,183.0,0.0,0.0,0.0,0.0,5.0,0.0,0.0,0.0,0.0,0.0,0.0,2.0,4.0,0.0,0.0,0.0,1.0,0.0,4.0,0.0,4.0,0.0,0.0,1.0,9.0,0.0,1.0
0.0,0.0,1.0,0.0,15.0,0.0,0.0,0.0,10.0,5.0,6.0,12.0,0.0,3.0,0.0,4.0,0.0,4.0,2.0,185.0,1.0,3.0,0.0,1.0,1.0,0.0,0.0,8.0,4.0,1.0,1.0,1.0,2.0,3.0,0.0,10.0,0.0,4.0,3.0,2.0,7.0,1.0,0.0,4.0,6.0,0.0,0.0
0.0,0.0,3.0,0.0,1.0,6.0,0.0,0.0,13.0,15.0,11.0,9.0,2.0,4.0,0.0,2.0,4.0,0.0,20.0,142.0,1.0,1.0,0.0,0.0,25.0,0.0,0.0,0.0,1.0,5.0,3.0,0.0,1.0,0.0,0.0,21.0,0.0,2.0,0.0,0.0,7.0,0.0,0.0,1.0,8.0,1.0,0.0
1.0,1.0,6.0,0.0,5.0,14.0,0.0,0.0,6.0,32.0,5.0,16.0,2.0,0.0,0.0,0.0,0.0,4.0,30.0,137.0,4.0,0.0,0.0,0.0,27.0,1.0,1.0,2.0,0.0,1.0,2.0,2.0,10.0,0.0,0.0,17.0,0.0,2.0,0.0,0.0,6.0,0.0,0.0,8.0,3.0,2.0,0.0
0.0,0.0,11.0,0.0,2.0,14.0,1.0,0.0,11.0,23.0,2.0,1.0,3.0,1.0,0.0,3.0,0.0,4.0,25.0,89.0,4.0,1.0,0.0,3.0,5.0,2.0,0.0,3.0,0.0,0.0,0.0,1.0,8.0,24.0,0.0,4.0,0.0,2.0,0.0,1.0,6.0,2.0,1.0,15.0,9.0,2.0,0.0
0.0,1.0,6.0,2.0,2.0,2.0,2.0,0.0,12.0,28.0,2.0,1.0,1.0,4.0,0.0,0.0,1.0,0.0,16.0,109.0,1.0,1.0,0.0,1.0,7.0,0.0,0.0,2.0,0.0,2.0,0.0,1.0,3.0,4.0,0.0,0.0,0.0,3.0,0.0,0.0,5.0,2.0,1.0,2.0,12.0,1.0,2.0
0.0,0.0,11.0,2.0,3.0,0.0,1.0,1.0,13.0,18.0,3.0,0.0,2.0,4.0,0.0,1.0,1.0,6.0,28.0,72.0,4.0,1.0,0.0,0.0,2.0,0.0,0.0,5.0,0.0,0.0,0.0,1.0,1.0,3.0,0.0,2.0,1.0,3.0,0.0,0.0,8.0,2.0,0.0,5.0,7.0,1.0,0.0
2.0,0.0,9.0,1.0,19.0,2.0,1.0,2.0,26.0,64.0,6.0,1.0,3.0,1.0,1.0,5.0,6.0,2.0,36.0,71.0,3.0,1.0,1.0,0.0,9.0,1.0,0.0,3.0,1.0,1.0,0.0,1.0,5.0,1.0,0.0,1.0,0.0,7.0,0.0,0.0,16.0,2.0,0.0,4.0,2.0,2.0,0.0
2.0,1.0,14.0,1.0,14.0,2.0,1.0,4.0,33.0,59.0,6.0,1.0,0.0,0.0,3.0,12.0,5.0,5.0,32.0,58.0,3.0,0.0,0.0,0.0,16.0,2.0,0.0,10.0,8.0,6.0,0.0,1.0,20.0,0.0,0.0,9.0,1.0,18.0,4.0,1.0,11.0,0.0,0.0,2.0,2.0,3.0,0.0
1.0,1.0,68.0,0.0,12.0,3.0,1.0,0.0,29.0,66.0,7.0,2.0,1.0,2.0,3.0,9.0,6.0,4.0,49.0,51.0,2.0,7.0,0.0,0.0,40.0,2.0,0.0,8.0,9.0,0.0,3.0,0.0,20.0,1.0,4.0,9.0,4.0,19.0,3.0,8.0,33.0,1.0,0.0,4.0,4.0,2.0,0.0
4.0,2.0,62.0,2.0,33.0,3.0,4.0,0.0,24.0,44.0,12.0,0.0,3.0,1.0,2.0,5.0,1.0,5.0,59.0,67.0,17.0,1.0,2.0,2.0,39.0,0.0,0.0,8.0,7.0,1.0,26.0,0.0,23.0,0.0,14.0,5.0,7.0,23.0,0.0,3.0,12.0,2.0,0.0,3.0,5.0,0.0,0.0
4.0,1.0,59.0,0.0,49.0,5.0,6.0,1.0,34.0,60.0,19.0,3.0,6.0,6.0,15.0,9.0,22.0,12.0,77.0,60.0,2.0,2.0,5.0,8.0,30.0,1.0,0.0,15.0,11.0,9.0,6.0,3.0,23.0,0.0,3.0,11.0,6.0,26.0,0.0,2.0,17.0,2.0,0.0,8.0,6.0,0.0,6.0
3.0,0.0,36.0,1.0,54.0,4.0,6.0,3.0,28.0,54.0,38.0,4.0,5.0,3.0,28.0,21.0,24.0,13.0,61.0,53.0,3.0,5.0,7.0,1.0,31.0,2.0,0.0,16.0,12.0,9.0,0.0,2.0,32.0,0.0,8.0,12.0,9.0,44.0,3.0,4.0,29.0,12.0,6.0,2.0,9.0,6.0,4.0
3.0,2.0,55.0,1.0,41.0,5.0,5.0,6.0,34.0,56.0,29.0,13.0,4.0,7.0,22.0,55.0,31.0,18.0,99.0,60.0,12.0,4.0,7.0,5.0,60.0,1.0,1.0,18.0,16.0,14.0,3.0,1.0,35.0,3.0,14.0,24.0,7.0,45.0,5.0,8.0,22.0,13.0,25.0,18.0,9.0,2.0,1.0
1.0,7.0,27.0,0.0,19.0,5.0,8.0,0.0,31.0,75.0,61.0,3.0,6.0,8.0,16.0,20.0,9.0,12.0,75.0,64.0,12.0,1.0,2.0,17.0,72.0,5.0,1.0,28.0,8.0,22.0,21.0,9.0,25.0,2.0,7.0,7.0,0.0,26.0,2.0,9.0,27.0,20.0,16.0,25.0,10.0,8.0,2.0
4.0,2.0,30.0,4.0,16.0,2.0,6.0,3.0,36.0,87.0,166.0,3.0,11.0,5.0,16.0,29.0,35.0,15.0,79.0,55.0,2.0,2.0,11.0,11.0,65.0,6.0,0.0,21.0,11.0,16.0,23.0,6.0,16.0,28.0,8.0,6.0,20.0,34.0,5.0,8.0,41.0,28.0,33.0,24.0,6.0,7.0,1.0
3.0,9.0,64.0,3.0,22.0,16.0,16.0,5.0,60.0,47.0,248.0,1.0,22.0,6.0,22.0,64.0,30.0,30.0,181.0,74.0,6.0,8.0,15.0,7.0,77.0,7.0,4.0,19.0,25.0,27.0,18.0,14.0,36.0,55.0,4.0,20.0,20.0,100.0,8.0,8.0,56.0,46.0,129.0,45.0,5.0,1.0,7.0
6.0,11.0,122.0,2.0,35.0,9.0,18.0,7.0,58.0,74.0,348.0,12.0,15.0,14.0,20.0,95.0,22.0,33.0,231.0,58.0,15.0,9.0,12.0,4.0,63.0,2.0,8.0,26.0,37.0,20.0,27.0,33.0,36.0,118.0,9.0,39.0,12.0,113.0,4.0,22.0,123.0,44.0,184.0,88.0,13.0,9.0,10.0
11.0,18.0,231.0,6.0,36.0,16.0,21.0,37.0,152.0,118.0,532.0,30.0,19.0,30.0,43.0,167.0,21.0,87.0,304.0,159.0,8.0,5.0,22.0,2.0,96.0,9.0,44.0,54.0,45.0,38.0,27.0,22.0,52.0,176.0,7.0,91.0,20.0,135.0,10.0,41.0,190.0,71.0,359.0,110.0,24.0,32.0,6.0
12.0,26.0,117.0,15.0,64.0,20.0,40.0,53.0,147.0,182.0,613.0,68.0,9.0,84.0,43.0,116.0,27.0,117.0,167.0,353.0,36.0,15.0,12.0,11.0,164.0,20.0,35.0,119.0,32.0,54.0,26.0,37.0,75.0,165.0,16.0,116.0,28.0,126.0,8.0,15.0,231.0,55.0,400.0,144.0,40.0,19.0,18.0
31.0,66.0,594.0,34.0,238.0,57.0,87.0,54.0,522.0,378.0,1093.0,93.0,63.0,115.0,176.0,315.0,137.0,174.0,681.0,475.0,156.0,41.0,88.0,21.0,355.0,70.0,142.0,185.0,98.0,164.0,70.0,92.0,87.0,539.0,59.0,275.0,68.0,512.0,38.0,73.0,486.0,129.0,424.0,190.0,116.0,36.0,67.0
53.0,132.0,1424.0,81.0,445.0,124.0,226.0,140.0,1244.0,844.0,1629.0,202.0,106.0,221.0,358.0,613.0,306.0,337.0,1573.0,709.0,418.0,117.0,113.0,30.0,873.0,143.0,463.0,488.0,178.0,414.0,113.0,234.0,293.0,1109.0,112.0,557.0,235.0,1204.0,85.0,113.0,954.0,208.0,483.0,306.0,243.0,58.0,58.0
174.0,429.0,4363.0,283.0,1263.0,236.0,589.0,516.0,3039.0,2325.0,2692.0,696.0,361.0,427.0,870.0,1689.0,764.0,1052.0,4626.0,1057.0,829.0,252.0,376.0,86.0,2708.0,461.0,1069.0,1062.0,477.0,1102.0,297.0,520.0,763.0,2752.0,238.0,1428.0,831.0,3188.0,342.0,292.0,2822.0,535.0,660.0,654.0,687.0,238.0,106.0
326.0,904.0,10726.0,625.0,2710.0,364.0,1542.0,1256.0,6240.0,5555.0,6135.0,1619.0,745.0,922.0,1562.0,3516.0,1951.0,1957.0,10782.0,1989.0,1239.0,525.0,680.0,268.0,6313.0,1121.0,1368.0,2116.0,1094.0,1936.0,644.0,1199.0,2395.0,3707.0,468.0,3208.0,1617.0,7605.0,707.0,527.0,6223.0,1307.0,732.0,1212.0,1522.0,390.0,189.0
457.0,1453.0,16595.0,1140.0,4767.0,733.0,2404.0,2153.0,9566.0,8822.0,9888.0,2759.0,1299.0,1250.0,1858.0,5981.0,2983.0,3047.0,16365.0,2438.0,1517.0,1055.0,907.0,789.0,8791.0,1638.0,1587.0,2947.0,1986.0,2941.0,1205.0,2180.0,4037.0,3891.0,992.0,4513.0,2651.0,11880.0,1235.0,923.0,9714.0,2379.0,770.0,1869.0,2236.0,629.0,350.0
601.0,1825.0,15507.0,1570.0,5713.0,1438.0,2517.0,2570.0,9927.0,11408.0,9712.0,3235.0,1861.0,1816.0,2440.0,7918.0,3790.0,4222.0,15494.0,2947.0,2137.0,1770.0,1008.0,1148.0,9520.0,2342.0,1643.0,4077.0,2701.0,3728.0,1722.0,2553.0,5019.0,3337.0,1494.0,4733.0,2836.0,12332.0,1670.0,1233.0,12668.0,2846.0,983.0,2508.0,3813.0,1012.0,612.0
796.0,1747.0,11760.0,1908.0,5817.0,2575.0,2453.0,2700.0,8426.0,10826.0,7981.0,2933.0,1971.0,1926.0,2536.0,7590.0,3697.0,4310.0,12374.0,2559.0,1905.0,2173.0,1233.0,1596.0,8307.0,2408.0,1220.0,3600.0,3057.0,3604.0,1798.0,2278.0,5397.0,2814.0,1393.0,3698.0,3101.0,10311.0,1599.0,1461.0,12157.0,2793.0,796.0,2457.0,4135.0,1132.0,868.0
969.0,1612.0,9420.0,1870.0,5122.0,3239.0,1833.0,2812.0,7066.0,10590.0,6629.0,2752.0,2346.0,1743.0,2827.0,8125.0,3492.0,4189.0,10688.0,2663.0,1746.0,2349.0,1462.0,2247.0,9158.0,2762.0,1098.0,4085.0,3282.0,3482.0,1783.0,2457.0,4878.0,2254.0,1479.0,3282.0,3276.0,9361.0,1405.0,1704.0,12011.0,3069.0,755.0,2523.0,4606.0,1159.0,1025.0
1155.0,1469.0,8683.0,1702.0,5245.0,3469.0,1770.0,3012.0,7128.0,11185.0,6433.0,2410.0,1960.0,1775.0,3041.0,8199.0,3021.0,4263.0,9499.0,2435.0,1686.0,2309.0,1488.0,2372.0,9734.0,3030.0,998.0,3686.0,3148.0,3807.0,1675.0,2540.0,4269.0,2179.0,1499.0,3035.0,3096.0,8593.0,1319.0,1698.0,11306.0,3124.0,919.0,2370.0,4794.0,1224.0,1218.0
878.0,1342.0,6908.0,1295.0,4545.0,2703.0,1718.0,2095.0,5917.0,8593.0,6595.0,1759.0,1720.0,1394.0,2804.0,6183.0,2466.0,3324.0,8049.0,1903.0,1729.0,1631.0,1467.0,1944.0,7655.0,2472.0,1048.0,2729.0,2371.0,3519.0,1325.0,1669.0,2748.0,2029.0,1063.0,2482.0,2239.0,6914.0,1043.0,1352.0,7969.0,2141.0,1045.0,1710.0,3274.0,1058.0,866.0
646.0,841.0,4710.0,893.0,2952.0,2175.0,1263.0,1672.0,4255.0,5409.0,7185.0,1326.0,1032.0,1119.0,2701.0,4190.0,1600.0,2410.0,6138.0,1511.0,1542.0,1271.0,1370.0,1478.0,5493.0,1664.0,1141.0,1922.0,1697.0,2415.0,957.0,1112.0,1803.0,1988.0,952.0,1946.0,1800.0,4603.0,869.0,809.0,5127.0,1307.0,1244.0,1369.0,2501.0,984.0,715.0
484.0,450.0,2590.0,678.0,1672.0,1255.0,712.0,1128.0,2451.0,3359.0,4866.0,1071.0,629.0,971.0,1461.0,2606.0,918.0,1515.0,3848.0,1159.0,1345.0,945.0,973.0,894.0,4072.0,896.0,1096.0,1464.0,1025.0,1484.0,778.0,742.0,1240.0,1860.0,777.0,1280.0,999.0,2802.0,583.0,498.0,3062.0,831.0,1058.0,1122.0,1635.0,585.0,500.0
378.0,383.0,2304.0,345.0,1057.0,1210.0,552.0,1103.0,1756.0,2411.0,3328.0,958.0,539.0,725.0,1440.0,2193.0,721.0,1211.0,3087.0,934.0,1016.0,766.0,704.0,976.0,2965.0,784.0,1123.0,1114.0,876.0,1342.0,613.0,609.0,1048.0,2134.0,747.0,860.0,892.0,2069.0,533.0,390.0,2216.0,694.0,767.0,1024.0,1671.0,412.0,361.0
203.0,205.0,1335.0,240.0,668.0,731.0,347.0,718.0,1077.0,1445.0,2050.0,717.0,267.0,400.0,1037.0,1137.0,360.0,658.0,2028.0,583.0,772.0,537.0,490.0,518.0,1728.0,490.0,823.0,651.0,546.0,904.0,411.0,428.0,581.0,1335.0,494.0,557.0,426.0,1206.0,404.0,198.0,1333.0,436.0,672.0,807.0,1209.0,237.0,273.0
169.0,130.0,911.0,178.0,477.0,367.0,226.0,357.0,792.0,918.0,1969.0,484.0,146.0,246.0,830.0,556.0,333.0,415.0,1469.0,534.0,875.0,385.0,509.0,252.0,842.0,279.0,887.0,421.0,354.0,824.0,298.0,281.0,335.0,1231.0,326.0,405.0,260.0,779.0,266.0,99.0,607.0,240.0,817.0,796.0,863.0,109.0,160.0
139.0,111.0,886.0,110.0,344.0,249.0,240.0,195.0,702.0,626.0,1735.0,318.0,86.0,162.0,960.0,433.0,349.0,316.0,1186.0,365.0,880.0,244.0,454.0,163.0,790.0,142.0,725.0,271.0,286.0,746.0,220.0,237.0,230.0,1193.0,204.0,353.0,143.0,787.0,139.0,71.0,496.0,161.0,825.0,797.0,568.0,69.0,185.0
119.0,72.0,401.0,65.0,178.0,115.0,146.0,128.0,328.0,298.0,1164.0,268.0,68.0,84.0,590.0,219.0,195.0,153.0,567.0,313.0,578.0,108.0,285.0,83.0,433.0,119.0,400.0,156.0,152.0,467.0,85.0,214.0,138.0,720.0,118.0,220.0,105.0,353.0,107.0,37.0,266.0,99.0,595.0,506.0,428.0,28.0,91.0
48.0,24.0,131.0,28.0,66.0,30.0,66.0,65.0,124.0,106.0,609.0,153.0,13.0,32.0,234.0,90.0,92.0,100.0,176.0,276.0,423.0,37.0,131.0,33.0,207.0,76.0,246.0,96.0,66.0,165.0,31.0,89.0,52.0,317.0,63.0,133.0,43.0,107.0,39.0,10.0,104.0,46.0,458.0,343.0,251.0,15.0,64.0
25.0,13.0,83.0,18.0,57.0,28.0,34.0,32.0,76.0,62.0,348.0,73.0,35.0,14.0,139.0,95.0,35.0,49.0,99.0,144.0,206.0,17.0,95.0,12.0,125.0,61.0,169.0,32.0,21.0,72.0,19.0,56.0,34.0,177.0,35.0,51.0,29.0,66.0,41.0,2.0,51.0,39.0,107.0,166.0,170.0,9.0,32.0
15.0,8.0,46.0,30.0,37.0,26.0,14.0,29.0,30.0,24.0,245.0,60.0,11.0,11.0,59.0,40.0,33.0,53.0,100.0,134.0,128.0,7.0,58.0,12.0,95.0,50.0,141.0,14.0,7.0,51.0,5.0,35.0,37.0,100.0,13.0,30.0,10.0,27.0,61.0,11.0,41.0,21.0,77.0,137.0,152.0,9.0,23.0
12.0,0.0,32.0,2.0,23.0,8.0,4.0,20.0,33.0,8.0,110.0,31.0,0.0,4.0,55.0,26.0,10.0,22.0,72.0,160.0,56.0,5.0,29.0,3.0,52.0,16.0,58.0,7.0,3.0,39.0,13.0,31.0,12.0,62.0,6.0,13.0,3.0,28.0,32.0,2.0,16.0,6.0,73.0,92.0,110.0,13.0,12.0
3.0,0.0,25.0,1.0,16.0,9.0,2.0,14.0,38.0,4.0,108.0,16.0,0.0,0.0,22.0,15.0,1.0,22.0,34.0,142.0,12.0,0.0,5.0,1.0,28.0,5.0,16.0,2.0,6.0,17.0,4.0,47.0,3.0,30.0,2.0,11.0,6.0,14.0,8.0,1.0,11.0,2.0,26.0,54.0,72.0,3.0,4.0
1.0,3.0,17.0,1.0,8.0,2.0,4.0,9.0,28.0,9.0,88.0,5.0,0.0,0.0,16.0,6.0,5.0,12.0,27.0,107.0,3.0,0.0,1.0,0.0,22.0,9.0,17.0,1.0,5.0,9.0,2.0,24.0,2.0,22.0,3.0,3.0,1.0,14.0,9.0,0.0,7.0,0.0,11.0,79.0,49.0,0.0,4.0
1.0,0.0,17.0,2.0,2.0,0.0,7.0,3.0,12.0,4.0,11.0,2.0,0.0,0.0,18.0,3.0,1.0,3.0,19.0,91.0,7.0,0.0,1.0,0.0,7.0,3.0,6.0,0.0,1.0,9.0,0.0,26.0,0.0,4.0,0.0,17.0,0.0,11.0,6.0,0.0,7.0,0.0,7.0,24.0,22.0,0.0,9.0
1.0,0.0,5.0,0.0,1.0,0.0,10.0,5.0,3.0,3.0,15.0,0.0,0.0,0.0,10.0,7.0,1.0,0.0,8.0,59.0,6.0,0.0,0.0,0.0,1.0,1.0,2.0,1.0,0.0,0.0,0.0,3.0,0.0,2.0,1.0,1.0,0.0,2.0,0.0,0.0,4.0,1.0,5.0,0.0,12.0,0.0,3.0
0.0,0.0,11.0,0.0,2.0,0.0,2.0,3.0,5.0,1.0,10.0,1.0,0.0,0.0,4.0,3.0,0.0,0.0,7.0,66.0,0.0,0.0,1.0,0.0,7.0,0.0,0.0,0.0,0.0,1.0,0.0,2.0,0.0,3.0,0.0,2.0,1.0,3.0,0.0,1.0,3.0,0.0,2.0,9.0,9.0,0.0,2.0
1.0,2.0,9.0,0.0,2.0,0.0,7.0,0.0,10.0,1.0,7.0,0.0,0.0,0.0,0.0,4.0,0.0,4.0,9.0,43.0,0.0,0.0,0.0,0.0,3.0,0.0,0.0,0.0,0.0,1.0,3.0,2.0,1.0,0.0,0.0,1.0,0.0,2.0,0.0,0.0,4.0,1.0,2.0,0.0,12.0,2.0,0.0
1.0,0.0,4.0,1.0,1.0,0.0,1.0,0.0,6.0,2.0,1.0,1.0,0.0,0.0,5.0,0.0,3.0,2.0,9.0,52.0,1.0,1.0,0.0,0.0,1.0,0.0,0.0,1.0,0.0,0.0,0.0,2.0,2.0,1.0,0.0,1.0,0.0,4.0,2.0,0.0,7.0,1.0,4.0,0.0,9.0,5.0,0.0
0.0,1.0,4.0,0.0,3.0,0.0,0.0,2.0,1.0,1.0,0.0,0.0,1.0,0.0,1.0,1.0,0.0,0.0,4.0,37.0,0.0,3.0,0.0,0.0,0.0,0.0,0.0,0.0,0.0,0.0,0.0,0.0,1.0,1.0,0.0,0.0,0.0,3.0,0.0,0.0,7.0,0.0,3.0,0.0,8.0,4.0,0.0
1.0,0.0,10.0,2.0,0.0,2.0,2.0,0.0,3.0,3.0,2.0,0.0,0.0,0.0,0.0,5.0,0.0,0.0,5.0,26.0,0.0,1.0,1.0,0.0,0.0,0.0,0.0,2.0,0.0,0.0,0.0,4.0,0.0,0.0,0.0,1.0,0.0,4.0,0.0,0.0,7.0,1.0,3.0,0.0,7.0,0.0,0.0
1.0,0.0,5.0,2.0,5.0,0.0,0.0,1.0,1.0,0.0,0.0,0.0,0.0,1.0,0.0,0.0,0.0,0.0,5.0,17.0,1.0,0.0,0.0,0.0,0.0,0.0,0.0,1.0,0.0,1.0,0.0,2.0,1.0,8.0,0.0,5.0,0.0,5.0,1.0,0.0,7.0,1.0,0.0,0.0,7.0,0.0,2.0
1.0,0.0,1.0,0.0,13.0,1.0,0.0,0.0,3.0,6.0,0.0,1.0,0.0,0.0,2.0,0.0,0.0,3.0,6.0,32.0,0.0,1.0,0.0,0.0,1.0,0.0,2.0,1.0,1.0,0.0,3.0,1.0,0.0,7.0,0.0,2.0,0.0,0.0,2.0,2.0,12.0,1.0,0.0,1.0,14.0,0.0,0.0
0.0,0.0,18.0,0.0,6.0,2.0,0.0,0.0,2.0,0.0,5.0,0.0,0.0,0.0,0.0,1.0,0.0,1.0,4.0,23.0,0.0,5.0,0.0,0.0,4.0,0.0,2.0,0.0,1.0,0.0,0.0,0.0,0.0,0.0,0.0,1.0,0.0,0.0,0.0,0.0,5.0,0.0,1.0,0.0,11.0,0.0,0.0
0.0,0.0,7.0,0.0,5.0,2.0,2.0,0.0,1.0,4.0,0.0,0.0,0.0,1.0,1.0,2.0,0.0,1.0,15.0,28.0,0.0,0.0,1.0,1.0,1.0,0.0,0.0,2.0,1.0,1.0,2.0,1.0,1.0,2.0,0.0,18.0,0.0,3.0,0.0,2.0,2.0,0.0,0.0,4.0,26.0,0.0,0.0
0.0,1.0,21.0,0.0,9.0,2.0,0.0,0.0,3.0,3.0,0.0,0.0,0.0,0.0,1.0,1.0,2.0,1.0,13.0,38.0,0.0,0.0,0.0,0.0,0.0,1.0,0.0,2.0,2.0,0.0,0.0,1.0,3.0,0.0,0.0,2.0,0.0,8.0,3.0,0.0,7.0,11.0,0.0,0.0,26.0,0.0,0.0
2.0,2.0,20.0,0.0,3.0,1.0,10.0,0.0,22.0,15.0,0.0,0.0,1.0,0.0,0.0,8.0,5.0,1.0,31.0,79.0,0.0,0.0,0.0,0.0,22.0,0.0,0.0,0.0,2.0,0.0,0.0,1.0,2.0,0.0,0.0,5.0,0.0,5.0,0.0,0.0,4.0,3.0,0.0,1.0,14.0,1.0,0.0
0.0,1.0,36.0,0.0,12.0,0.0,12.0,1.0,21.0,9.0,1.0,1.0,5.0,0.0,3.0,3.0,2.0,0.0,54.0,183.0,0.0,0.0,0.0,0.0,31.0,0.0,1.0,5.0,0.0,0.0,1.0,1.0,1.0,1.0,1.0,21.0,4.0,5.0,25.0,0.0,4.0,4.0,3.0,1.0,3.0,1.0,1.0
0.0,2.0,26.0,0.0,20.0,0.0,12.0,0.0,21.0,20.0,0.0,1.0,5.0,0.0,3.0,5.0,6.0,3.0,39.0,246.0,0.0,1.0,0.0,0.0,62.0,0.0,0.0,12.0,0.0,0.0,0.0,1.0,17.0,1.0,2.0,17.0,1.0,10.0,2.0,2.0,12.0,5.0,0.0,0.0,14.0,0.0,1.0
0.0,1.0,51.0,1.0,24.0,0.0,11.0,1.0,38.0,33.0,3.0,3.0,0.0,4.0,3.0,5.0,13.0,2.0,61.0,309.0,2.0,0.0,0.0,0.0,72.0,3.0,1.0,5.0,1.0,2.0,0.0,3.0,12.0,17.0,1.0,33.0,4.0,33.0,7.0,3.0,13.0,1.0,0.0,4.0,14.0,0.0,1.0
0.0,3.0,82.0,18.0,17.0,1.0,11.0,7.0,46.0,47.0,6.0,6.0,5.0,3.0,9.0,2.0,6.0,3.0,96.0,361.0,5.0,15.0,1.0,0.0,64.0,3.0,0.0,13.0,12.0,2.0,0.0,6.0,72.0,12.0,0.0,44.0,8.0,39.0,7.0,1.0,32.0,1.0,1.0,0.0,40.0,1.0,3.0
3.0,2.0,87.0,8.0,16.0,4.0,16.0,8.0,47.0,25.0,16.0,4.0,1.0,10.0,9.0,16.0,8.0,5.0,98.0,408.0,0.0,11.0,7.0,0.0,60.0,0.0,0.0,21.0,4.0,6.0,2.0,6.0,50.0,2.0,1.0,47.0,17.0,35.0,2.0,10.0,44.0,4.0,1.0,2.0,34.0,1.0,0.0
10.0,3.0,119.0,2.0,28.0,24.0,35.0,1.0,106.0,55.0,75.0,23.0,9.0,10.0,10.0,37.0,43.0,14.0,117.0,582.0,3.0,12.0,4.0,0.0,87.0,0.0,0.0,17.0,5.0,11.0,22.0,23.0,45.0,5.0,27.0,45.0,46.0,52.0,3.0,11.0,45.0,1.0,17.0,7.0,50.0,1.0,1.0
18.0,6.0,119.0,9.0,35.0,26.0,73.0,2.0,96.0,49.0,113.0,39.0,12.0,8.0,17.0,35.0,38.0,23.0,159.0,661.0,70.0,9.0,11.0,0.0,87.0,0.0,0.0,24.0,6.0,11.0,24.0,13.0,40.0,13.0,53.0,68.0,25.0,142.0,4.0,4.0,50.0,9.0,39.0,19.0,69.0,0.0,1.0
12.0,9.0,160.0,25.0,37.0,29.0,126.0,8.0,116.0,57.0,220.0,33.0,3.0,30.0,46.0,72.0,52.0,17.0,242.0,630.0,59.0,13.0,5.0,0.0,110.0,2.0,14.0,38.0,7.0,26.0,12.0,12.0,66.0,50.0,78.0,85.0,22.0,165.0,5.0,12.0,85.0,13.0,24.0,31.0,36.0,6.0,3.0
9.0,12.0,179.0,34.0,66.0,49.0,217.0,36.0,168.0,158.0,434.0,38.0,30.0,33.0,75.0,97.0,128.0,47.0,390.0,462.0,100.0,44.0,19.0,10.0,164.0,2.0,6.0,58.0,9.0,68.0,26.0,20.0,72.0,38.0,61.0,108.0,30.0,283.0,8.0,13.0,158.0,25.0,39.0,59.0,47.0,4.0,0.0
10.0,55.0,439.0,63.0,119.0,82.0,418.0,38.0,260.0,271.0,660.0,63.0,95.0,60.0,153.0,144.0,199.0,58.0,652.0,471.0,169.0,110.0,23.0,16.0,214.0,11.0,14.0,88.0,15.0,99.0,94.0,39.0,125.0,94.0,112.0,160.0,79.0,423.0,14.0,25.0,268.0,62.0,58.0,133.0,74.0,9.0,5.0
8.0,96.0,521.0,85.0,202.0,111.0,437.0,49.0,353.0,371.0,869.0,54.0,95.0,79.0,204.0,212.0,221.0,88.0,727.0,527.0,274.0,147.0,33.0,5.0,190.0,24.0,16.0,152.0,54.0,113.0,136.0,91.0,170.0,156.0,172.0,153.0,66.0,545.0,16.0,24.0,402.0,188.0,68.0,226.0,70.0,36.0,7.0
11.0,134.0,945.0,175.0,273.0,84.0,572.0,71.0,638.0,376.0,1092.0,75.0,80.0,77.0,291.0,375.0,253.0,194.0,1160.0,599.0,404.0,196.0,60.0,23.0,314.0,61.0,53.0,121.0,64.0,142.0,284.0,53.0,320.0,226.0,166.0,252.0,62.0,685.0,46.0,48.0,511.0,122.0,125.0,384.0,98.0,29.0,10.0
34.0,145.0,1172.0,197.0,331.0,141.0,766.0,71.0,713.0,500.0,1474.0,77.0,96.0,81.0,421.0,453.0,408.0,255.0,1675.0,559.0,581.0,306.0,70.0,44.0,526.0,43.0,72.0,260.0,120.0,174.0,419.0,82.0,384.0,313.0,237.0,289.0,87.0,977.0,77.0,99.0,633.0,137.0,164.0,513.0,187.0,26.0,15.0
69.0,219.0,2134.0,249.0,607.0,247.0,724.0,127.0,1013.0,925.0,2108.0,163.0,246.0,109.0,597.0,719.0,784.0,421.0,2576.0,489.0,604.0,308.0,174.0,108.0,1059.0,73.0,144.0,426.0,258.0,286.0,467.0,171.0,465.0,492.0,357.0,527.0,148.0,1766.0,89.0,104.0,867.0,216.0,317.0,652.0,183.0,46.0,24.0
98.0,353.0,3720.0,417.0,948.0,421.0,912.0,324.0,2065.0,1789.0,2762.0,223.0,384.0,271.0,813.0,1269.0,1324.0,664.0,4360.0,574.0,603.0,419.0,281.0,212.0,1708.0,273.0,136.0,848.0,507.0,437.0,687.0,386.0,859.0,692.0,415.0,1209.0,345.0,3330.0,233.0,140.0,1532.0,449.0,743.0,878.0,271.0,91.0,53.0
181.0,294.0,2870.0,441.0,1006.0,464.0,635.0,326.0,1708.0,2448.0,2580.0,280.0,216.0,451.0,406.0,1200.0,1058.0,983.0,3461.0,708.0,582.0,367.0,269.0,340.0,1802.0,354.0,346.0,1589.0,512.0,673.0,430.0,457.0,932.0,771.0,405.0,1717.0,406.0,2706.0,227.0,146.0,1735.0,555.0,947.0,856.0,294.0,136.0,168.0
233.0,418.0,3006.0,499.0,1713.0,626.0,680.0,651.0,2654.0,3558.0,2449.0,482.0,327.0,803.0,694.0,1392.0,1062.0,1517.0,3770.0,1040.0,591.0,401.0,309.0,490.0,2124.0,556.0,466.0,1729.0,908.0,952.0,339.0,627.0,1266.0,718.0,438.0,2076.0,409.0,3226.0,263.0,289.0,2385.0,897.0,988.0,955.0,524.0,372.0,210.0
311.0,719.0,5734.0,667.0,2538.0,988.0,956.0,964.0,4309.0,4824.0,2181.0,638.0,671.0,835.0,1190.0,2490.0,1649.0,1633.0,6295.0,982.0,692.0,639.0,542.0,684.0,2992.0,1003.0,643.0,1827.0,1291.0,1369.0,479.0,976.0,1935.0,967.0,624.0,2217.0,856.0,5093.0,490.0,495.0,3901.0,1441.0,884.0,1143.0,1043.0,532.0,244.0
775.0,1394.0,11741.0,1112.0,4615.0,1796.0,1391.0,2167.0,8148.0,8280.0,2885.0,1353.0,1146.0,1123.0,2794.0,5394.0,2751.0,2951.0,11861.0,1237.0,1124.0,1191.0,1239.0,1380.0,6789.0,2509.0,1028.0,2423.0,2294.0,2786.0,843.0,2065.0,3899.0,1803.0,1118.0,3277.0,2091.0,9666.0,1252.0,1060.0,7987.0,2871.0,904.0,1678.0,2273.0,1112.0,568.0
845.0,1487.0,17221.0,1478.0,6589.0,2336.0,1737.0,3241.0,11050.0,10663.0,3763.0,2243.0,1782.0,1465.0,3975.0,7675.0,3101.0,3964.0,16073.0,1720.0,1334.0,1969.0,1273.0,1917.0,10910.0,3486.0,1652.0,3046.0,3282.0,3573.0,1261.0,2965.0,4498.0,2387.0,1394.0,3822.0,3495.0,13074.0,1635.0,1408.0,12220.0,3552.0,1272.0,1991.0,3539.0,1500.0,638.0
937.0,1645.0,14354.0,1363.0,5641.0,2489.0,1865.0,3237.0,9734.0,10031.0,5179.0,2644.0,1913.0,1659.0,3477.0,7702.0,2968.0,4061.0,14694.0,1650.0,1587.0,1830.0,1245.0,2429.0,10896.0,3187.0,1943.0,2824.0,3182.0,3672.0,1484.0,2878.0,3785.0,2782.0,1423.0,3691.0,3347.0,11954.0,1499.0,1298.0,12112.0,3180.0,1428.0,2256.0,4105.0,1336.0,635.0
687.0,1177.0,8902.0,945.0,3984.0,1571.0,1755.0,2212.0,6848.0,7416.0,4504.0,2236.0,1256.0,1444.0,2529.0,5251.0,2273.0,3088.0,10813.0,1370.0,1441.0,1681.0,934.0,1998.0,7874.0,2162.0,1962.0,2363.0,1957.0,3086.0,1256.0,2236.0,3029.0,2617.0,1122.0,2991.0,2458.0,8856.0,1240.0,1115.0,8206.0,2376.0,1440.0,1947.0,3563.0,895.0,600.0
675.0,948.0,7900.0,775.0,3128.0,1693.0,1657.0,2125.0,5809.0,5271.0,3540.0,2466.0,963.0,1111.0,2284.0,3981.0,1839.0,2433.0,9277.0,1658.0,1125.0,1717.0,845.0,1616.0,6356.0,1761.0,1502.0,1765.0,1587.0,2708.0,1132.0,1892.0,2260.0,2543.0,1113.0,2632.0,1912.0,7011.0,1356.0,963.0,6217.0,1834.0,929.0,1803.0,3364.0,725.0,495.0
545.0,833.0,5161.0,535.0,2257.0,1025.0,1406.0,1562.0,3857.0,3621.0,2745.0,1759.0,588.0,918.0,1821.0,2465.0,1391.0,1855.0,6495.0,1408.0,1015.0,1202.0,590.0,1153.0,4219.0,1293.0,1077.0,1353.0,1088.0,2272.0,858.0,1152.0,1506.0,1871.0,843.0,2033.0,1315.0,5201.0,905.0,497.0,3656.0,1377.0,726.0,1492.0,1970.0,419.0,384.0
424.0,475.0,4618.0,387.0,1520.0,858.0,1272.0,1313.0,3051.0,2875.0,2755.0,1497.0,380.0,685.0,1619.0,1775.0,1307.0,1396.0,5161.0,1185.0,910.0,1006.0,662.0,707.0,3467.0,1087.0,978.0,1006.0,770.0,1598.0,710.0,998.0,1163.0,1520.0,629.0,1753.0,888.0,3951.0,793.0,291.0,2463.0,1089.0,659.0,1482.0,1441.0,333.0,366.0
338.0,353.0,3762.0,273.0,1180.0,724.0,897.0,1165.0,2433.0,2129.0,2565.0,1294.0,280.0,453.0,1367.0,1275.0,1008.0,1044.0,4220.0,1272.0,701.0,937.0,730.0,480.0,2932.0,1142.0,810.0,922.0,661.0,1152.0,571.0,784.0,823.0,1346.0,430.0,1317.0,613.0,3129.0,698.0,173.0,1807.0,837.0,744.0,1595.0,1000.0,271.0,367.0
370.0,330.0,3531.0,229.0,1280.0,642.0,844.0,1003.0,2154.0,1678.0,2839.0,1383.0,248.0,390.0,1125.0,1095.0,895.0,927.0,4217.0,1325.0,622.0,827.0,560.0,543.0,2924.0,1013.0,681.0,735.0,552.0,969.0,479.0,659.0,656.0,1208.0,433.0,1361.0,498.0,3042.0,747.0,151.0,1352.0,633.0,717.0,1595.0,954.0,209.0,351.0
301.0,163.0,2352.0,162.0,875.0,447.0,660.0,825.0,1579.0,1336.0,2262.0,1059.0,182.0,320.0,715.0,910.0,635.0,656.0,3008.0,996.0,605.0,530.0,407.0,390.0,2386.0,985.0,541.0,597.0,335.0,654.0,275.0,473.0,579.0,895.0,374.0,1002.0,363.0,2262.0,566.0,137.0,910.0,461.0,614.0,1365.0,654.0,164.0,264.0
295.0,167.0,2245.0,134.0,780.0,389.0,661.0,827.0,1434.0,990.0,2114.0,1094.0,125.0,216.0,693.0,846.0,670.0,492.0,2635.0,748.0,524.0,542.0,299.0,325.0,1952.0,859.0,526.0,458.0,306.0,524.0,228.0,408.0,475.0,948.0,370.0,755.0,301.0,2047.0,496.0,148.0,756.0,445.0,457.0,985.0,551.0,136.0,232.0
154.0,118.0,1670.0,129.0,556.0,212.0,479.0,560.0,1209.0,768.0,1698.0,670.0,111.0,130.0,503.0,584.0,435.0,357.0,2101.0,637.0,357.0,459.0,300.0,169.0,1311.0,576.0,330.0,425.0,297.0,430.0,193.0,302.0,370.0,743.0,308.0,525.0,263.0,1515.0,313.0,78.0,631.0,263.0,328.0,734.0,439.0,107.0,201.0
71.0,103.0,1394.0,77.0,400.0,160.0,327.0,390.0,1022.0,604.0,1473.0,460.0,112.0,130.0,306.0,430.0,342.0,305.0,1716.0,569.0,249.0,319.0,291.0,90.0,990.0,480.0,255.0,229.0,191.0,428.0,142.0,293.0,240.0,744.0,233.0,352.0,178.0,1027.0,161.0,93.0,602.0,195.0,296.0,589.0,403.0,83.0,186.0
84.0,98.0,1484.0,76.0,483.0,172.0,398.0,389.0,1159.0,582.0,1647.0,332.0,61.0,126.0,520.0,432.0,417.0,325.0,1872.0,554.0,308.0,301.0,329.0,76.0,863.0,378.0,247.0,114.0,129.0,407.0,151.0,303.0,184.0,896.0,220.0,392.0,175.0,1239.0,93.0,101.0,523.0,139.0,240.0,648.0,295.0,68.0,97.0
70.0,50.0,1005.0,93.0,354.0,92.0,267.0,344.0,758.0,433.0,1619.0,312.0,37.0,96.0,480.0,328.0,381.0,297.0,1285.0,538.0,316.0,165.0,229.0,49.0,612.0,196.0,178.0,136.0,121.0,394.0,95.0,200.0,98.0,642.0,175.0,278.0,132.0,1000.0,53.0,36.0,468.0,127.0,174.0,449.0,181.0,60.0,64.0
50.0,44.0,473.0,36.0,199.0,60.0,174.0,285.0,411.0,331.0,983.0,153.0,23.0,49.0,278.0,243.0,262.0,174.0,724.0,505.0,188.0,118.0,164.0,55.0,307.0,109.0,144.0,186.0,91.0,291.0,58.0,142.0,69.0,491.0,135.0,184.0,82.0,571.0,27.0,23.0,321.0,86.0,130.0,338.0,135.0,60.0,39.0
31.0,51.0,332.0,25.0,216.0,55.0,129.0,150.0,276.0,191.0,524.0,76.0,24.0,35.0,205.0,160.0,141.0,93.0,495.0,455.0,118.0,85.0,159.0,34.0,238.0,64.0,107.0,74.0,61.0,220.0,58.0,130.0,32.0,389.0,46.0,70.0,58.0,412.0,30.0,24.0,203.0,41.0,72.0,251.0,102.0,26.0,18.0
37.0,22.0,221.0,27.0,151.0,58.0,62.0,205.0,159.0,119.0,475.0,80.0,31.0,19.0,204.0,65.0,69.0,52.0,251.0,439.0,226.0,39.0,151.0,12.0,206.0,47.0,86.0,51.0,25.0,149.0,22.0,122.0,25.0,253.0,80.0,54.0,71.0,195.0,77.0,17.0,137.0,63.0,40.0,185.0,87.0,11.0,7.0
20.0,11.0,96.0,14.0,70.0,46.0,23.0,183.0,113.0,75.0,314.0,63.0,14.0,21.0,134.0,49.0,38.0,36.0,123.0,375.0,213.0,9.0,86.0,21.0,119.0,34.0,70.0,31.0,5.0,82.0,16.0,127.0,15.0,112.0,47.0,23.0,33.0,92.0,14.0,3.0,90.0,40.0,28.0,114.0,95.0,4.0,3.0
3.0,3.0,64.0,8.0,43.0,34.0,9.0,148.0,77.0,29.0,172.0,35.0,5.0,6.0,51.0,33.0,16.0,15.0,48.0,332.0,109.0,9.0,36.0,10.0,84.0,20.0,52.0,8.0,16.0,37.0,1.0,81.0,7.0,60.0,38.0,13.0,15.0,77.0,13.0,7.0,59.0,13.0,25.0,83.0,86.0,5.0,5.0
4.0,0.0,39.0,4.0,54.0,3.0,15.0,53.0,52.0,22.0,99.0,24.0,4.0,2.0,28.0,35.0,6.0,12.0,26.0,334.0,70.0,0.0,19.0,1.0,73.0,22.0,30.0,9.0,17.0,6.0,2.0,39.0,7.0,39.0,35.0,8.0,14.0,68.0,9.0,1.0,43.0,24.0,22.0,46.0,115.0,2.0,2.0
1.0,0.0,18.0,0.0,5.0,12.0,3.0,29.0,41.0,17.0,104.0,33.0,1.0,4.0,28.0,18.0,1.0,17.0,27.0,376.0,41.0,0.0,7.0,0.0,71.0,8.0,21.0,9.0,10.0,1.0,2.0,30.0,6.0,15.0,15.0,6.0,10.0,20.0,2.0,0.0,41.0,26.0,8.0,16.0,160.0,2.0,3.0
2.0,1.0,17.0,0.0,5.0,0.0,2.0,38.0,15.0,23.0,92.0,22.0,1.0,2.0,16.0,6.0,1.0,1.0,17.0,461.0,21.0,2.0,4.0,0.0,50.0,25.0,37.0,3.0,8.0,3.0,6.0,48.0,0.0,9.0,2.0,6.0,8.0,8.0,1.0,2.0,38.0,16.0,1.0,6.0,123.0,2.0,0.0
0.0,0.0,14.0,0.0,8.0,5.0,3.0,24.0,28.0,9.0,77.0,24.0,0.0,0.0,5.0,6.0,3.0,5.0,17.0,472.0,25.0,2.0,1.0,0.0,30.0,23.0,21.0,3.0,5.0,3.0,5.0,22.0,4.0,5.0,0.0,8.0,12.0,19.0,1.0,2.0,15.0,7.0,2.0,11.0,86.0,0.0,0.0
0.0,0.0,20.0,3.0,4.0,4.0,1.0,24.0,11.0,14.0,30.0,13.0,0.0,2.0,6.0,15.0,3.0,1.0,45.0,510.0,18.0,1.0,2.0,1.0,12.0,14.0,3.0,6.0,18.0,4.0,1.0,6.0,0.0,4.0,0.0,4.0,9.0,18.0,6.0,0.0,11.0,6.0,1.0,0.0,50.0,1.0,0.0
0.0,0.0,11.0,15.0,36.0,3.0,1.0,8.0,21.0,4.0,7.0,7.0,0.0,5.0,0.0,12.0,0.0,2.0,29.0,653.0,1.0,0.0,3.0,0.0,25.0,3.0,1.0,9.0,21.0,3.0,1.0,9.0,3.0,4.0,0.0,9.0,0.0,10.0,0.0,2.0,21.0,7.0,0.0,1.0,46.0,1.0,0.0
1.0,0.0,10.0,4.0,28.0,2.0,0.0,21.0,26.0,5.0,12.0,4.0,3.0,6.0,1.0,0.0,0.0,10.0,38.0,591.0,3.0,0.0,0.0,1.0,17.0,0.0,2.0,1.0,10.0,2.0,1.0,20.0,4.0,0.0,0.0,19.0,1.0,10.0,1.0,0.0,22.0,11.0,1.0,2.0,46.0,4.0,1.0
0.0,0.0,15.0,0.0,13.0,5.0,0.0,4.0,36.0,8.0,12.0,8.0,3.0,5.0,1.0,7.0,1.0,12.0,60.0,540.0,0.0,0.0,0.0,0.0,38.0,3.0,0.0,2.0,3.0,0.0,0.0,11.0,1.0,5.0,0.0,14.0,7.0,20.0,0.0,3.0,22.0,7.0,0.0,2.0,49.0,1.0,0.0
15.0,0.0,13.0,0.0,14.0,1.0,0.0,7.0,67.0,14.0,9.0,4.0,0.0,0.0,0.0,8.0,3.0,17.0,95.0,569.0,0.0,1.0,1.0,1.0,13.0,2.0,2.0,2.0,3.0,0.0,2.0,32.0,2.0,1.0,0.0,4.0,2.0,13.0,0.0,2.0,14.0,1.0,4.0,1.0,49.0,5.0,0.0
34.0,0.0,10.0,1.0,8.0,0.0,6.0,6.0,47.0,7.0,1.0,5.0,1.0,3.0,3.0,8.0,3.0,5.0,35.0,425.0,0.0,0.0,0.0,6.0,8.0,2.0,1.0,4.0,0.0,2.0,1.0,11.0,24.0,29.0,4.0,16.0,2.0,4.0,2.0,0.0,16.0,2.0,3.0,0.0,32.0,18.0,0.0
16.0,0.0,17.0,1.0,12.0,11.0,4.0,21.0,26.0,11.0,3.0,18.0,2.0,5.0,18.0,10.0,4.0,6.0,29.0,274.0,0.0,2.0,0.0,4.0,12.0,2.0,1.0,15.0,2.0,1.0,1.0,6.0,6.0,34.0,1.0,19.0,2.0,10.0,1.0,0.0,28.0,13.0,3.0,4.0,6.0,3.0,7.0
19.0,0.0,34.0,1.0,9.0,0.0,9.0,14.0,14.0,13.0,9.0,6.0,0.0,1.0,12.0,11.0,0.0,10.0,40.0,170.0,1.0,7.0,0.0,5.0,2.0,7.0,0.0,6.0,7.0,0.0,1.0,39.0,10.0,22.0,0.0,22.0,5.0,17.0,3.0,2.0,34.0,2.0,0.0,0.0,15.0,15.0,10.0
30.0,13.0,22.0,0.0,15.0,4.0,18.0,7.0,21.0,13.0,3.0,12.0,0.0,1.0,20.0,23.0,1.0,8.0,58.0,190.0,0.0,40.0,1.0,1.0,24.0,2.0,2.0,4.0,27.0,0.0,1.0,41.0,42.0,9.0,0.0,31.0,10.0,23.0,3.0,1.0,53.0,3.0,2.0,0.0,19.0,19.0,9.0
37.0,10.0,50.0,1.0,11.0,0.0,18.0,2.0,37.0,13.0,0.0,7.0,0.0,2.0,61.0,17.0,1.0,1.0,71.0,222.0,0.0,5.0,0.0,1.0,15.0,16.0,2.0,3.0,9.0,9.0,0.0,50.0,54.0,11.0,7.0,27.0,3.0,55.0,5.0,1.0,33.0,1.0,0.0,0.0,10.0,8.0,13.0
20.0,12.0,94.0,0.0,13.0,2.0,5.0,4.0,55.0,30.0,3.0,4.0,5.0,1.0,64.0,26.0,2.0,3.0,83.0,231.0,29.0,5.0,0.0,0.0,25.0,7.0,2.0,6.0,19.0,6.0,1.0,16.0,85.0,6.0,35.0,15.0,11.0,77.0,9.0,6.0,34.0,4.0,0.0,1.0,18.0,2.0,5.0
6.0,5.0,82.0,2.0,12.0,5.0,5.0,8.0,42.0,27.0,3.0,6.0,4.0,16.0,38.0,21.0,0.0,4.0,67.0,291.0,5.0,0.0,0.0,0.0,25.0,7.0,0.0,10.0,10.0,7.0,3.0,8.0,42.0,3.0,9.0,9.0,10.0,35.0,4.0,0.0,19.0,5.0,3.0,0.0,33.0,1.0,2.0
5.0,2.0,76.0,2.0,20.0,1.0,8.0,7.0,35.0,22.0,2.0,7.0,3.0,6.0,42.0,27.0,20.0,12.0,79.0,382.0,15.0,0.0,0.0,0.0,22.0,8.0,2.0,10.0,0.0,4.0,0.0,17.0,36.0,3.0,8.0,6.0,15.0,39.0,1.0,1.0,43.0,2.0,1.0,1.0,27.0,1.0,1.0
2.0,0.0,68.0,1.0,27.0,0.0,6.0,16.0,35.0,43.0,15.0,30.0,6.0,3.0,22.0,33.0,3.0,15.0,54.0,355.0,6.0,0.0,0.0,0.0,42.0,10.0,0.0,4.0,7.0,7.0,0.0,5.0,30.0,7.0,1.0,10.0,23.0,42.0,1.0,4.0,88.0,7.0,1.0,1.0,16.0,0.0,1.0
1.0,1.0,63.0,3.0,31.0,2.0,2.0,9.0,25.0,31.0,27.0,35.0,4.0,7.0,15.0,22.0,8.0,36.0,68.0,240.0,10.0,0.0,1.0,3.0,23.0,6.0,0.0,6.0,6.0,14.0,10.0,1.0,15.0,6.0,3.0,10.0,24.0,19.0,2.0,0.0,45.0,8.0,0.0,2.0,14.0,1.0,3.0
2.0,1.0,76.0,2.0,15.0,10.0,9.0,5.0,80.0,25.0,69.0,72.0,7.0,2.0,16.0,41.0,5.0,22.0,98.0,289.0,17.0,0.0,0.0,0.0,96.0,6.0,16.0,14.0,3.0,1.0,6.0,5.0,12.0,5.0,5.0,16.0,7.0,45.0,4.0,1.0,43.0,5.0,0.0,2.0,43.0,2.0,1.0
0.0,3.0,76.0,2.0,53.0,23.0,16.0,15.0,142.0,47.0,120.0,63.0,3.0,2.0,52.0,39.0,16.0,34.0,142.0,277.0,2.0,0.0,0.0,0.0,180.0,26.0,10.0,18.0,3.0,4.0,8.0,14.0,15.0,25.0,80.0,28.0,7.0,97.0,0.0,1.0,62.0,5.0,0.0,16.0,46.0,0.0,0.0
0.0,3.0,68.0,0.0,91.0,28.0,17.0,22.0,145.0,43.0,137.0,132.0,34.0,7.0,50.0,73.0,16.0,47.0,233.0,230.0,6.0,1.0,3.0,0.0,255.0,65.0,10.0,23.0,7.0,26.0,6.0,17.0,30.0,98.0,59.0,31.0,3.0,170.0,5.0,16.0,82.0,9.0,3.0,26.0,79.0,0.0,1.0
1.0,10.0,123.0,6.0,67.0,20.0,49.0,16.0,139.0,37.0,96.0,136.0,26.0,18.0,96.0,69.0,17.0,34.0,226.0,219.0,11.0,14.0,6.0,2.0,209.0,70.0,15.0,25.0,12.0,78.0,2.0,62.0,52.0,95.0,59.0,29.0,3.0,198.0,8.0,12.0,97.0,7.0,2.0,24.0,89.0,0.0,2.0
6.0,4.0,250.0,0.0,100.0,54.0,33.0,23.0,203.0,64.0,125.0,232.0,31.0,12.0,178.0,163.0,45.0,43.0,360.0,238.0,40.0,76.0,16.0,1.0,264.0,68.0,39.0,40.0,19.0,64.0,10.0,56.0,102.0,128.0,51.0,34.0,4.0,281.0,26.0,37.0,147.0,11.0,9.0,31.0,77.0,0.0,4.0
15.0,20.0,640.0,9.0,229.0,207.0,194.0,89.0,310.0,168.0,320.0,313.0,44.0,25.0,264.0,241.0,71.0,56.0,775.0,283.0,52.0,148.0,32.0,3.0,460.0,189.0,46.0,64.0,104.0,122.0,14.0,130.0,195.0,239.0,63.0,56.0,53.0,348.0,60.0,74.0,240.0,51.0,11.0,64.0,148.0,24.0,17.0
28.0,58.0,990.0,22.0,331.0,308.0,371.0,232.0,678.0,342.0,574.0,433.0,101.0,53.0,362.0,274.0,221.0,119.0,1322.0,348.0,79.0,196.0,81.0,8.0,858.0,323.0,75.0,101.0,190.0,251.0,15.0,239.0,278.0,348.0,103.0,153.0,94.0,871.0,149.0,133.0,469.0,115.0,46.0,104.0,230.0,70.0,39.0
94.0,137.0,1422.0,51.0,504.0,394.0,424.0,412.0,967.0,480.0,1030.0,736.0,117.0,130.0,531.0,444.0,291.0,252.0,2182.0,410.0,143.0,231.0,95.0,43.0,1146.0,347.0,113.0,152.0,348.0,413.0,38.0,397.0,593.0,518.0,170.0,303.0,311.0,1460.0,213.0,152.0,817.0,440.0,83.0,101.0,252.0,153.0,87.0
282.0,229.0,2444.0,146.0,1026.0,782.0,581.0,898.0,1625.0,935.0,1662.0,1326.0,217.0,249.0,671.0,937.0,519.0,626.0,3756.0,605.0,244.0,250.0,122.0,64.0,2092.0,803.0,191.0,259.0,539.0,847.0,69.0,772.0,1104.0,580.0,223.0,471.0,802.0,2941.0,403.0,163.0,1592.0,1145.0,190.0,205.0,602.0,296.0,179.0
405.0,369.0,4136.0,456.0,1944.0,1225.0,763.0,1382.0,2771.0,2132.0,2240.0,1790.0,536.0,727.0,985.0,1716.0,937.0,1135.0,5766.0,1069.0,347.0,297.0,131.0,210.0,4044.0,1536.0,286.0,540.0,840.0,1747.0,113.0,1215.0,2369.0,909.0,270.0,1050.0,1511.0,4990.0,622.0,266.0,2922.0,2116.0,417.0,448.0,1373.0,401.0,320.0
564.0,796.0,4820.0,912.0,3118.0,1430.0,1036.0,2037.0,3166.0,3342.0,2610.0,2136.0,688.0,1117.0,1351.0,2558.0,1288.0,1866.0,6325.0,1561.0,648.0,345.0,278.0,567.0,5379.0,2663.0,494.0,1045.0,1303.0,2207.0,200.0,2037.0,2965.0,1454.0,527.0,2079.0,1718.0,5848.0,958.0,360.0,3283.0,2286.0,522.0,843.0,2007.0,717.0,522.0
521.0,603.0,3449.0,1093.0,3138.0,1119.0,845.0,1970.0,3068.0,3744.0,2176.0,1823.0,679.0,1320.0,991.0,2177.0,1012.0,1741.0,4335.0,1842.0,920.0,375.0,237.0,902.0,5571.0,2016.0,613.0,2174.0,1052.0,1884.0,283.0,1678.0,2273.0,1037.0,676.0,2843.0,980.0,4317.0,863.0,407.0,3873.0,1896.0,817.0,1219.0,2064.0,638.0,676.0
717.0,1335.0,8236.0,1507.0,5527.0,1794.0,1690.0,2775.0,6292.0,6319.0,2262.0,2658.0,1213.0,1362.0,1680.0,4582.0,2310.0,2812.0,9456.0,2293.0,1402.0,644.0,582.0,1523.0,8233.0,3117.0,1236.0,2366.0,1942.0,2362.0,721.0,2390.0,2595.0,1625.0,979.0,3618.0,1643.0,7570.0,1364.0,956.0,6553.0,2126.0,891.0,1683.0,3774.0,1002.0,965.0
1316.0,2328.0,18800.0,2378.0,9441.0,3277.0,3139.0,5301.0,13065.0,12114.0,3646.0,4776.0,2247.0,2221.0,3629.0,10231.0,4254.0,5503.0,20612.0,3688.0,2301.0,1376.0,1672.0,3076.0,16630.0,5013.0,2192.0,3753.0,4495.0,4204.0,1530.0,4779.0,4849.0,3353.0,1597.0,6075.0,3913.0,15840.0,2716.0,2214.0,13428.0,3609.0,1413.0,3745.0,8047.0,1524.0,1523.0
1337.0,2117.0,22113.0,1892.0,7281.0,3049.0,3252.0,4444.0,13533.0,12121.0,5961.0,3889.0,2582.0,2199.0,4540.0,10068.0,4637.0,5608.0,22504.0,3238.0,2944.0,1823.0,2332.0,2575.0,15315.0,3629.0,2869.0,3319.0,4347.0,4118.0,1770.0,4336.0,4636.0,4711.0,1707.0,6017.0,3651.0,16745.0,2417.0,2229.0,12915.0,3433.0,2237.0,4068.0,5827.0,1428.0,1300.0
1386.0,2218.0,23076.0,1763.0,6681.0,2982.0,3172.0,4405.0,13691.0,12192.0,10074.0,3810.0,2450.0,2300.0,5145.0,9971.0,4800.0,6121.0,22090.0,2584.0,3704.0,2424.0,2394.0,3177.0,13852.0,3305.0,3537.0,3338.0,4196.0,4419.0,1960.0,4471.0,4921.0,5017.0,1689.0,6154.0,4235.0,17550.0,2321.0,2462.0,13686.0,3588.0,2401.0,4422.0,6009.0,1494.0,1174.0
1260.0,1893.0,16461.0,1536.0,5263.0,2747.0,2697.0,3971.0,10513.0,9337.0,12297.0,3261.0,1843.0,2428.0,4615.0,8646.0,3502.0,5377.0,16327.0,2896.0,3386.0,1949.0,1920.0,3248.0,10538.0,3316.0,2946.0,2797.0,3194.0,4053.0,1901.0,3496.0,4099.0,4085.0,959.0,4834.0,4272.0,13100.0,1882.0,2164.0,11180.0,3554.0,2282.0,3790.0,5269.0,1519.0,1325.0
968.0,1204.0,8725.0,1142.0,3477.0,2386.0,1675.0,2508.0,6145.0,6337.0,8345.0,2182.0,1439.0,1812.0,2996.0,5757.0,2519.0,3705.0,9137.0,3230.0,2134.0,972.0,1174.0,2199.0,6346.0,2518.0,1789.0,2282.0,2208.0,2833.0,1380.0,2199.0,3094.0,2491.0,463.0,3601.0,2670.0,7306.0,1225.0,1445.0,7951.0,2944.0,1579.0,2627.0,3486.0,1220.0,949.0
633.0,955.0,6499.0,1017.0,2920.0,1771.0,1422.0,1520.0,4733.0,5054.0,6947.0,1504.0,1122.0,1338.0,2459.0,4572.0,1979.0,2770.0,6963.0,2503.0,1695.0,1067.0,1012.0,1549.0,3996.0,1839.0,1471.0,1509.0,1776.0,2228.0,1220.0,1314.0,2319.0,2185.0,502.0,2600.0,1794.0,5374.0,850.0,1025.0,6193.0,2230.0,1348.0,1939.0,2513.0,988.0,853.0
531.0,766.0,4822.0,827.0,2370.0,1400.0,1191.0,1016.0,3263.0,4108.0,6036.0,1030.0,781.0,906.0,2265.0,3163.0,1672.0,2239.0,4988.0,1445.0,1528.0,1103.0,1001.0,1115.0,2699.0,1095.0,1138.0,1256.0,1253.0,2127.0,1227.0,798.0,1730.0,2012.0,618.0,2114.0,1203.0,3725.0,642.0,698.0,4603.0,1814.0,1376.0,1686.0,1443.0,802.0,554.0
438.0,532.0,3015.0,547.0,1730.0,885.0,838.0,622.0,2091.0,2852.0,4304.0,652.0,519.0,628.0,1819.0,2132.0,1141.0,1357.0,3258.0,1121.0,1222.0,946.0,833.0,653.0,1761.0,529.0,1072.0,1038.0,880.0,1569.0,932.0,499.0,1145.0,1766.0,678.0,1299.0,828.0,2148.0,371.0,396.0,3086.0,1165.0,1300.0,1323.0,788.0,504.0,363.0
296.0,372.0,2029.0,580.0,1055.0,731.0,562.0,403.0,1371.0,2047.0,3216.0,407.0,323.0,412.0,1245.0,1384.0,716.0,944.0,2185.0,865.0,1057.0,779.0,677.0,384.0,1256.0,365.0,984.0,683.0,564.0,1158.0,801.0,330.0,939.0,1656.0,566.0,870.0,483.0,1511.0,272.0,254.0,1885.0,814.0,1185.0,1055.0,508.0,305.0,280.0
232.0,179.0,965.0,354.0,479.0,431.0,316.0,227.0,692.0,1141.0,2296.0,254.0,151.0,261.0,742.0,843.0,406.0,532.0,1204.0,642.0,892.0,577.0,539.0,214.0,696.0,237.0,770.0,433.0,303.0,723.0,568.0,160.0,541.0,1239.0,456.0,499.0,290.0,853.0,142.0,129.0,962.0,465.0,942.0,776.0,308.0,180.0,232.0
110.0,131.0,571.0,202.0,239.0,225.0,227.0,150.0,412.0,621.0,1496.0,180.0,115.0,107.0,528.0,434.0,225.0,267.0,788.0,466.0,624.0,353.0,486.0,110.0,436.0,126.0,553.0,210.0,138.0,410.0,388.0,109.0,348.0,1161.0,248.0,233.0,173.0,488.0,113.0,62.0,580.0,305.0,580.0,616.0,168.0,95.0,142.0
52.0,85.0,308.0,91.0,130.0,144.0,111.0,85.0,182.0,340.0,1072.0,108.0,70.0,44.0,291.0,245.0,101.0,146.0,452.0,269.0,430.0,224.0,341.0,41.0,218.0,58.0,384.0,116.0,76.0,291.0,200.0,101.0,188.0,723.0,135.0,140.0,81.0,277.0,50.0,24.0,260.0,158.0,339.0,470.0,67.0,55.0,86.0
24.0,80.0,172.0,81.0,105.0,67.0,89.0,46.0,137.0,233.0,1026.0,102.0,48.0,27.0,263.0,131.0,76.0,96.0,358.0,270.0,423.0,167.0,301.0,32.0,150.0,78.0,458.0,109.0,40.0,278.0,130.0,62.0,123.0,624.0,98.0,83.0,114.0,169.0,47.0,14.0,219.0,67.0,329.0,483.0,62.0,23.0,97.0
31.0,134.0,237.0,55.0,159.0,51.0,75.0,65.0,165.0,235.0,1051.0,76.0,20.0,35.0,316.0,202.0,105.0,66.0,370.0,190.0,526.0,177.0,310.0,24.0,176.0,116.0,393.0,147.0,42.0,302.0,107.0,135.0,86.0,564.0,100.0,110.0,155.0,212.0,74.0,17.0,199.0,66.0,312.0,513.0,64.0,32.0,93.0
23.0,66.0,198.0,51.0,92.0,50.0,48.0,65.0,110.0,158.0,674.0,70.0,18.0,68.0,250.0,156.0,82.0,65.0,298.0,167.0,455.0,99.0,188.0,6.0,156.0,114.0,241.0,48.0,28.0,172.0,75.0,64.0,74.0,301.0,69.0,42.0,76.0,175.0,76.0,8.0,125.0,47.0,212.0,296.0,64.0,29.0,76.0
16.0,11.0,69.0,29.0,28.0,55.0,8.0,60.0,41.0,55.0,367.0,24.0,6.0,27.0,78.0,66.0,30.0,29.0,95.0,126.0,281.0,71.0,64.0,5.0,125.0,42.0,157.0,47.0,17.0,64.0,52.0,22.0,41.0,111.0,28.0,21.0,32.0,85.0,44.0,1.0,47.0,15.0,201.0,148.0,19.0,15.0,34.0
17.0,9.0,60.0,16.0,39.0,29.0,9.0,47.0,41.0,29.0,232.0,27.0,12.0,19.0,50.0,46.0,13.0,37.0,93.0,97.0,115.0,27.0,39.0,5.0,103.0,40.0,83.0,22.0,10.0,25.0,20.0,19.0,41.0,79.0,34.0,37.0,41.0,45.0,34.0,7.0,40.0,27.0,62.0,84.0,12.0,52.0,47.0
12.0,17.0,71.0,23.0,18.0,33.0,35.0,36.0,51.0,45.0,228.0,39.0,3.0,15.0,51.0,40.0,12.0,29.0,74.0,97.0,97.0,61.0,25.0,5.0,129.0,46.0,44.0,19.0,26.0,39.0,12.0,3.0,21.0,43.0,28.0,21.0,14.0,27.0,30.0,4.0,30.0,16.0,55.0,86.0,30.0,62.0,55.0
19.0,8.0,57.0,4.0,10.0,18.0,18.0,36.0,18.0,30.0,153.0,40.0,5.0,6.0,29.0,24.0,5.0,11.0,66.0,100.0,36.0,49.0,16.0,12.0,102.0,21.0,13.0,25.0,39.0,16.0,4.0,0.0,14.0,15.0,14.0,27.0,5.0,29.0,11.0,3.0,49.0,4.0,23.0,66.0,30.0,10.0,25.0
31.0,3.0,43.0,1.0,2.0,8.0,12.0,27.0,27.0,10.0,59.0,19.0,0.0,6.0,17.0,17.0,4.0,7.0,63.0,133.0,5.0,27.0,6.0,5.0,58.0,9.0,9.0,10.0,24.0,13.0,10.0,8.0,21.0,7.0,23.0,15.0,1.0,37.0,16.0,1.0,11.0,9.0,22.0,30.0,37.0,14.0,15.0
6.0,0.0,36.0,1.0,11.0,3.0,7.0,18.0,19.0,11.0,23.0,4.0,1.0,4.0,2.0,14.0,0.0,6.0,50.0,147.0,3.0,6.0,3.0,1.0,27.0,2.0,8.0,5.0,1.0,3.0,15.0,9.0,6.0,11.0,7.0,14.0,2.0,10.0,4.0,2.0,15.0,0.0,3.0,15.0,29.0,0.0,5.0
3.0,0.0,8.0,0.0,1.0,0.0,3.0,12.0,27.0,13.0,21.0,3.0,1.0,1.0,0.0,3.0,2.0,0.0,29.0,99.0,0.0,3.0,0.0,0.0,38.0,17.0,2.0,1.0,3.0,1.0,3.0,21.0,0.0,4.0,2.0,23.0,2.0,7.0,2.0,1.0,10.0,1.0,1.0,7.0,36.0,0.0,0.0
2.0,0.0,16.0,0.0,2.0,0.0,5.0,4.0,5.0,10.0,19.0,1.0,3.0,0.0,7.0,0.0,0.0,0.0,35.0,119.0,0.0,0.0,0.0,1.0,34.0,20.0,0.0,1.0,2.0,1.0,6.0,12.0,3.0,1.0,2.0,41.0,2.0,12.0,0.0,0.0,6.0,9.0,1.0,22.0,29.0,1.0,0.0
3.0,0.0,17.0,0.0,1.0,3.0,4.0,15.0,13.0,6.0,6.0,1.0,0.0,0.0,16.0,6.0,0.0,2.0,13.0,90.0,0.0,0.0,0.0,0.0,8.0,35.0,1.0,1.0,4.0,8.0,1.0,18.0,0.0,0.0,0.0,34.0,1.0,2.0,20.0,0.0,3.0,2.0,0.0,53.0,35.0,0.0,0.0
0.0,0.0,6.0,0.0,1.0,3.0,6.0,3.0,24.0,5.0,4.0,0.0,0.0,2.0,7.0,0.0,0.0,0.0,28.0,125.0,0.0,2.0,0.0,0.0,4.0,14.0,1.0,2.0,8.0,3.0,2.0,2.0,0.0,0.0,0.0,22.0,43.0,3.0,15.0,0.0,5.0,0.0,0.0,49.0,38.0,0.0,1.0
5.0,2.0,7.0,0.0,0.0,0.0,2.0,1.0,14.0,5.0,4.0,2.0,0.0,2.0,3.0,1.0,1.0,7.0,22.0,128.0,0.0,2.0,0.0,0.0,3.0,10.0,1.0,2.0,0.0,0.0,6.0,2.0,0.0,0.0,0.0,21.0,9.0,9.0,5.0,1.0,6.0,0.0,0.0,34.0,28.0,0.0,10.0
2.0,0.0,4.0,0.0,2.0,0.0,0.0,0.0,5.0,6.0,0.0,7.0,1.0,0.0,1.0,0.0,0.0,6.0,6.0,116.0,1.0,0.0,0.0,0.0,6.0,6.0,0.0,2.0,1.0,1.0,5.0,0.0,4.0,0.0,0.0,3.0,0.0,14.0,13.0,0.0,5.0,0.0,0.0,17.0,38.0,0.0,1.0
2.0,0.0,5.0,4.0,6.0,1.0,6.0,0.0,3.0,7.0,1.0,3.0,0.0,0.0,0.0,0.0,0.0,3.0,8.0,98.0,1.0,0.0,0.0,0.0,0.0,9.0,0.0,0.0,26.0,0.0,0.0,0.0,10.0,0.0,0.0,7.0,2.0,11.0,4.0,0.0,4.0,0.0,0.0,13.0,30.0,0.0,2.0
0.0,0.0,13.0,1.0,6.0,0.0,3.0,4.0,3.0,24.0,2.0,0.0,0.0,0.0,0.0,0.0,1.0,1.0,10.0,98.0,0.0,0.0,0.0,0.0,15.0,6.0,0.0,0.0,8.0,0.0,0.0,0.0,25.0,0.0,0.0,9.0,0.0,5.0,1.0,0.0,10.0,0.0,0.0,5.0,11.0,0.0,1.0
1.0,0.0,14.0,4.0,4.0,0.0,0.0,1.0,1.0,5.0,0.0,0.0,0.0,0.0,2.0,1.0,0.0,0.0,9.0,89.0,0.0,0.0,0.0,0.0,4.0,0.0,0.0,1.0,4.0,0.0,0.0,2.0,22.0,0.0,1.0,2.0,2.0,1.0,0.0,0.0,11.0,0.0,1.0,1.0,7.0,0.0,1.0
0.0,0.0,8.0,1.0,8.0,0.0,2.0,2.0,2.0,6.0,0.0,0.0,0.0,0.0,4.0,0.0,0.0,1.0,12.0,97.0,0.0,0.0,0.0,0.0,4.0,0.0,1.0,0.0,0.0,0.0,0.0,2.0,9.0,0.0,3.0,2.0,0.0,0.0,7.0,0.0,5.0,0.0,2.0,0.0,4.0,3.0,6.0
0.0,2.0,6.0,1.0,7.0,0.0,3.0,1.0,2.0,6.0,4.0,0.0,0.0,0.0,0.0,3.0,0.0,1.0,4.0,83.0,0.0,0.0,0.0,2.0,2.0,4.0,0.0,0.0,1.0,0.0,0.0,13.0,1.0,6.0,0.0,5.0,0.0,0.0,4.0,0.0,5.0,0.0,0.0,1.0,1.0,1.0,0.0
0.0,0.0,7.0,0.0,9.0,0.0,10.0,9.0,2.0,8.0,10.0,0.0,11.0,0.0,0.0,2.0,1.0,0.0,10.0,65.0,0.0,1.0,0.0,0.0,4.0,3.0,0.0,0.0,1.0,0.0,0.0,38.0,1.0,0.0,1.0,4.0,16.0,5.0,13.0,0.0,12.0,17.0,0.0,2.0,5.0,0.0,0.0
0.0,0.0,31.0,0.0,14.0,11.0,10.0,7.0,3.0,15.0,0.0,4.0,2.0,0.0,1.0,5.0,0.0,0.0,34.0,39.0,0.0,0.0,1.0,8.0,22.0,0.0,0.0,0.0,4.0,1.0,7.0,19.0,1.0,4.0,3.0,11.0,0.0,8.0,20.0,9.0,15.0,13.0,0.0,5.0,11.0,0.0,0.0
0.0,1.0,71.0,0.0,14.0,32.0,3.0,4.0,22.0,88.0,1.0,5.0,0.0,0.0,2.0,29.0,2.0,11.0,87.0,77.0,0.0,2.0,4.0,10.0,11.0,3.0,0.0,4.0,5.0,3.0,0.0,19.0,6.0,1.0,3.0,4.0,3.0,28.0,20.0,14.0,47.0,6.0,1.0,7.0,3.0,1.0,1.0
2.0,2.0,61.0,2.0,2.0,41.0,3.0,14.0,18.0,88.0,1.0,3.0,5.0,4.0,4.0,11.0,0.0,14.0,79.0,147.0,1.0,1.0,3.0,8.0,19.0,6.0,0.0,8.0,1.0,3.0,0.0,4.0,2.0,2.0,1.0,22.0,1.0,15.0,0.0,6.0,40.0,6.0,0.0,4.0,11.0,1.0,2.0
0.0,1.0,60.0,0.0,5.0,8.0,8.0,28.0,38.0,64.0,2.0,8.0,2.0,7.0,6.0,15.0,0.0,6.0,71.0,214.0,10.0,0.0,3.0,3.0,32.0,4.0,0.0,13.0,2.0,2.0,6.0,7.0,15.0,1.0,0.0,14.0,1.0,44.0,2.0,1.0,45.0,3.0,2.0,18.0,23.0,0.0,1.0
14.0,1.0,84.0,0.0,12.0,11.0,7.0,18.0,51.0,51.0,4.0,4.0,9.0,5.0,23.0,9.0,1.0,10.0,100.0,162.0,7.0,8.0,5.0,1.0,22.0,0.0,5.0,12.0,18.0,1.0,4.0,11.0,20.0,18.0,0.0,9.0,6.0,35.0,0.0,1.0,64.0,1.0,1.0,18.0,5.0,0.0,0.0
10.0,3.0,56.0,2.0,12.0,2.0,2.0,28.0,48.0,16.0,17.0,0.0,2.0,6.0,29.0,13.0,1.0,6.0,42.0,79.0,2.0,20.0,11.0,1.0,31.0,1.0,6.0,10.0,17.0,6.0,0.0,4.0,17.0,3.0,0.0,11.0,2.0,18.0,2.0,0.0,69.0,4.0,0.0,6.0,1.0,0.0,1.0
8.0,1.0,55.0,4.0,22.0,10.0,2.0,38.0,50.0,27.0,81.0,4.0,4.0,6.0,11.0,20.0,0.0,17.0,56.0,128.0,6.0,24.0,26.0,0.0,14.0,0.0,16.0,11.0,97.0,2.0,0.0,5.0,24.0,3.0,0.0,14.0,3.0,35.0,0.0,4.0,99.0,14.0,0.0,4.0,8.0,0.0,2.0
3.0,9.0,32.0,11.0,28.0,18.0,0.0,36.0,41.0,24.0,96.0,1.0,27.0,3.0,6.0,15.0,2.0,9.0,64.0,122.0,10.0,14.0,12.0,0.0,51.0,0.0,10.0,11.0,81.0,2.0,9.0,3.0,14.0,2.0,2.0,17.0,10.0,46.0,0.0,1.0,90.0,13.0,0.0,3.0,10.0,0.0,1.0
13.0,9.0,45.0,24.0,18.0,15.0,5.0,36.0,39.0,31.0,42.0,2.0,17.0,5.0,13.0,13.0,2.0,14.0,83.0,72.0,2.0,4.0,18.0,0.0,60.0,2.0,9.0,30.0,80.0,4.0,7.0,2.0,18.0,1.0,5.0,23.0,24.0,77.0,1.0,0.0,106.0,14.0,0.0,8.0,33.0,1.0,2.0
25.0,7.0,49.0,30.0,16.0,5.0,17.0,37.0,100.0,64.0,37.0,3.0,45.0,15.0,51.0,40.0,0.0,25.0,184.0,79.0,13.0,11.0,18.0,1.0,95.0,1.0,35.0,26.0,103.0,3.0,10.0,3.0,35.0,2.0,4.0,55.0,15.0,158.0,3.0,22.0,182.0,25.0,0.0,9.0,35.0,1.0,11.0
8.0,10.0,116.0,29.0,32.0,6.0,14.0,38.0,106.0,93.0,80.0,10.0,39.0,8.0,51.0,54.0,4.0,22.0,251.0,61.0,9.0,7.0,13.0,2.0,97.0,8.0,30.0,34.0,79.0,13.0,2.0,5.0,43.0,9.0,9.0,46.0,19.0,186.0,8.0,18.0,121.0,19.0,0.0,5.0,57.0,4.0,10.0
8.0,5.0,189.0,39.0,56.0,7.0,9.0,37.0,104.0,140.0,141.0,46.0,43.0,16.0,36.0,92.0,9.0,45.0,208.0,60.0,18.0,11.0,1.0,0.0,147.0,15.0,77.0,33.0,96.0,36.0,30.0,5.0,59.0,31.0,22.0,80.0,15.0,217.0,8.0,25.0,173.0,33.0,3.0,16.0,109.0,5.0,17.0
13.0,7.0,268.0,97.0,66.0,11.0,14.0,69.0,176.0,273.0,269.0,41.0,98.0,25.0,19.0,237.0,63.0,71.0,392.0,92.0,14.0,57.0,4.0,10.0,218.0,18.0,111.0,71.0,131.0,79.0,74.0,34.0,103.0,82.0,29.0,100.0,26.0,308.0,30.0,126.0,379.0,60.0,22.0,45.0,153.0,6.0,8.0
29.0,21.0,592.0,188.0,92.0,35.0,26.0,161.0,519.0,669.0,882.0,85.0,60.0,27.0,62.0,404.0,81.0,77.0,654.0,75.0,27.0,95.0,33.0,34.0,418.0,32.0,108.0,126.0,172.0,111.0,110.0,107.0,104.0,199.0,36.0,145.0,56.0,406.0,29.0,142.0,718.0,98.0,61.0,59.0,254.0,9.0,10.0
23.0,95.0,1208.0,335.0,196.0,103.0,58.0,310.0,811.0,1640.0,2138.0,154.0,286.0,100.0,97.0,759.0,227.0,131.0,1113.0,174.0,93.0,138.0,158.0,55.0,803.0,68.0,112.0,301.0,363.0,253.0,181.0,264.0,168.0,335.0,91.0,263.0,100.0,733.0,45.0,176.0,1165.0,126.0,114.0,77.0,392.0,31.0,26.0
65.0,191.0,2882.0,402.0,621.0,214.0,177.0,888.0,1828.0,4609.0,5059.0,538.0,578.0,193.0,278.0,1414.0,462.0,474.0,3233.0,373.0,171.0,378.0,253.0,236.0,1809.0,242.0,132.0,804.0,877.0,555.0,394.0,421.0,338.0,435.0,181.0,675.0,237.0,1865.0,164.0,253.0,2807.0,292.0,202.0,169.0,1025.0,90.0,105.0
146.0,304.0,3632.0,364.0,1283.0,332.0,432.0,1162.0,1925.0,5937.0,7152.0,733.0,531.0,519.0,327.0,1906.0,661.0,933.0,4507.0,556.0,310.0,473.0,273.0,539.0,2691.0,345.0,220.0,1769.0,985.0,1112.0,354.0,563.0,427.0,522.0,299.0,1019.0,286.0,2506.0,311.0,363.0,3337.0,476.0,415.0,365.0,904.0,173.0,138.0
336.0,463.0,2760.0,545.0,2455.0,478.0,566.0,1757.0,2378.0,9052.0,7252.0,1358.0,406.0,1231.0,587.0,1946.0,1014.0,1810.0,3145.0,1655.0,851.0,607.0,301.0,1445.0,5015.0,787.0,434.0,4224.0,1173.0,1617.0,287.0,934.0,1059.0,832.0,526.0,2478.0,633.0,3193.0,599.0,402.0,4422.0,730.0,941.0,1123.0,1670.0,343.0,296.0
552.0,1580.0,12959.0,1218.0,7258.0,1736.0,2242.0,4703.0,8596.0,14699.0,8319.0,3406.0,1730.0,2069.0,2779.0,7006.0,3367.0,4437.0,13064.0,2422.0,1755.0,1420.0,928.0,2409.0,10271.0,2577.0,809.0,4693.0,2891.0,3817.0,1117.0,2197.0,2897.0,2801.0,1536.0,4729.0,2266.0,10373.0,1801.0,1596.0,11117.0,2280.0,938.0,2678.0,4815.0,944.0,730.0
1032.0,1997.0,20642.0,1741.0,9649.0,2924.0,3989.0,4504.0,13629.0,15963.0,7384.0,3876.0,2097.0,3022.0,4462.0,10316.0,5180.0,6448.0,21850.0,3169.0,2602.0,2701.0,1583.0,3168.0,13301.0,3187.0,1568.0,5403.0,3529.0,5054.0,2013.0,3511.0,4473.0,4807.0,2298.0,8166.0,2836.0,17857.0,2081.0,2009.0,13920.0,3808.0,1515.0,4537.0,5223.0,1370.0,1202.0
1284.0,2191.0,24596.0,1969.0,7746.0,2393.0,5092.0,3831.0,15477.0,12055.0,8119.0,3900.0,2283.0,2363.0,6632.0,10529.0,5106.0,6355.0,26635.0,2847.0,3062.0,3070.0,2349.0,2449.0,12414.0,3210.0,2430.0,3736.0,3650.0,5631.0,2351.0,3796.0,5022.0,6993.0,1989.0,7426.0,3235.0,21527.0,1923.0,1874.0,14493.0,3995.0,2530.0,5245.0,4725.0,1575.0,1285.0
1196.0,1977.0,18686.0,1749.0,5327.0,1851.0,3899.0,2372.0,12060.0,7455.0,8023.0,2742.0,1947.0,1930.0,5583.0,7081.0,3936.0,4754.0,18862.0,2734.0,2577.0,2483.0,1960.0,1805.0,8475.0,2760.0,2041.0,2398.0,2279.0,3965.0,1768.0,3024.0,4054.0,5626.0,1387.0,5737.0,2622.0,16881.0,1294.0,1307.0,10457.0,3135.0,1938.0,4265.0,3633.0,1474.0,1083.0
876.0,1235.0,10326.0,1252.0,3237.0,1480.0,2306.0,1588.0,6269.0,4415.0,5663.0,1768.0,1121.0,1233.0,3133.0,4280.0,2399.0,2818.0,10304.0,2059.0,1798.0,1561.0,1417.0,1066.0,5406.0,1790.0,1544.0,1388.0,1381.0,2418.0,976.0,2037.0,2997.0,3190.0,820.0,3158.0,1773.0,9794.0,691.0,817.0,6354.0,1934.0,1310.0,2645.0,2349.0,936.0,677.0
519.0,549.0,3794.0,622.0,1321.0,846.0,1039.0,709.0,2545.0,2130.0,3471.0,829.0,461.0,665.0,1472.0,1726.0,1221.0,1307.0,4281.0,1348.0,1090.0,805.0,788.0,500.0,2717.0,1007.0,962.0,764.0,594.0,1327.0,513.0,1118.0,1567.0,1749.0,529.0,1469.0,894.0,3993.0,356.0,323.0,2803.0,1046.0,765.0,1777.0,965.0,370.0,346.0
328.0,428.0,2659.0,424.0,979.0,632.0,741.0,645.0,1728.0,1434.0,2322.0,901.0,329.0,325.0,1292.0,1290.0,819.0,919.0,2739.0,768.0,808.0,602.0,783.0,383.0,1837.0,816.0,786.0,557.0,404.0,1024.0,541.0,708.0,1130.0,1388.0,408.0,932.0,777.0,2547.0,271.0,194.0,1961.0,756.0,678.0,1374.0,590.0,283.0,361.0
214.0,192.0,1373.0,318.0,559.0,533.0,408.0,342.0,1181.0,954.0,1847.0,535.0,251.0,234.0,858.0,805.0,660.0,577.0,1434.0,564.0,605.0,459.0,558.0,187.0,1149.0,516.0,678.0,401.0,300.0,781.0,288.0,491.0,764.0,987.0,257.0,530.0,513.0,1539.0,160.0,104.0,1381.0,559.0,472.0,1032.0,419.0,181.0,234.0
285.0,95.0,755.0,258.0,311.0,369.0,307.0,244.0,690.0,584.0,1359.0,418.0,152.0,111.0,734.0,582.0,463.0,388.0,912.0,355.0,442.0,332.0,425.0,86.0,775.0,326.0,571.0,251.0,196.0,585.0,163.0,336.0,587.0,710.0,226.0,299.0,482.0,1012.0,95.0,86.0,964.0,352.0,491.0,730.0,248.0,108.0,204.0
166.0,54.0,494.0,246.0,179.0,225.0,170.0,198.0,365.0,442.0,1022.0,346.0,136.0,62.0,558.0,377.0,291.0,318.0,525.0,337.0,350.0,208.0,300.0,51.0,608.0,264.0,726.0,162.0,122.0,374.0,111.0,248.0,381.0,470.0,232.0,143.0,372.0,546.0,140.0,52.0,559.0,179.0,443.0,489.0,178.0,95.0,174.0
159.0,55.0,370.0,232.0,158.0,201.0,178.0,170.0,286.0,565.0,776.0,339.0,83.0,52.0,513.0,355.0,160.0,264.0,402.0,302.0,277.0,156.0,218.0,20.0,514.0,274.0,618.0,166.0,93.0,247.0,111.0,212.0,368.0,425.0,155.0,127.0,234.0,439.0,140.0,46.0,504.0,139.0,521.0,357.0,134.0,63.0,142.0
62.0,44.0,276.0,173.0,130.0,200.0,98.0,156.0,201.0,372.0,478.0,230.0,58.0,38.0,323.0,186.0,178.0,194.0,342.0,277.0,149.0,146.0,192.0,11.0,309.0,179.0,346.0,84.0,61.0,148.0,88.0,130.0,214.0,353.0,77.0,109.0,109.0,417.0,96.0,22.0,347.0,110.0,351.0,265.0,125.0,48.0,65.0
