249.0,15.0,172.0,18.0,632.0,134.0,3.0,4.0,647.0,20.0,19.0,505.0,65.0,10.0,39.0,19.0,391.0,22.0,117.0,168.0,98.0,38.0,491.0,106.0,1.0,61.0,175.0,3.0,163.0,160.0,37.0,134.0,42.0,29.0,19.0,37.0,122.0,15.0,33.0,63.0,32.0,1050.0,43.0,41.0,660.0,16.0,143.0,23.0,32.0
239.0,19.0,183.0,18.0,742.0,115.0,9.0,15.0,702.0,32.0,68.0,600.0,84.0,20.0,49.0,23.0,325.0,26.0,99.0,216.0,95.0,35.0,523.0,90.0,5.0,68.0,187.0,4.0,189.0,142.0,47.0,141.0,43.0,55.0,29.0,38.0,157.0,12.0,54.0,44.0,59.0,1061.0,29.0,40.0,754.0,34.0,170.0,31.0,21.0
232.0,11.0,240.0,17.0,766.0,152.0,15.0,14.0,793.0,14.0,64.0,644.0,76.0,10.0,43.0,25.0,402.0,27.0,173.0,209.0,81.0,33.0,534.0,94.0,5.0,94.0,171.0,17.0,191.0,126.0,53.0,116.0,32.0,84.0,70.0,36.0,161.0,25.0,28.0,43.0,61.0,1090.0,36.0,45.0,758.0,28.0,134.0,69.0,23.0
274.0,18.0,233.0,12.0,666.0,175.0,16.0,19.0,881.0,27.0,58.0,623.0,76.0,9.0,53.0,27.0,326.0,22.0,146.0,228.0,152.0,42.0,538.0,91.0,1.0,60.0,241.0,10.0,216.0,190.0,53.0,136.0,18.0,57.0,48.0,52.0,133.0,22.0,31.0,44.0,51.0,1117.0,46.0,47.0,763.0,30.0,173.0,53.0,22.0
342.0,13.0,312.0,57.0,887.0,193.0,19.0,9.0,1033.0,27.0,88.0,625.0,107.0,18.0,49.0,38.0,492.0,9.0,147.0,225.0,138.0,50.0,550.0,100.0,1.0,11.0,204.0,17.0,113.0,151.0,80.0,169.0,38.0,149.0,49.0,57.0,181.0,34.0,32.0,43.0,64.0,1218.0,54.0,34.0,729.0,24.0,196.0,60.0,25.0
419.0,19.0,239.0,58.0,906.0,139.0,14.0,25.0,1390.0,19.0,62.0,651.0,97.0,21.0,74.0,34.0,463.0,22.0,128.0,187.0,139.0,45.0,649.0,106.0,6.0,105.0,75.0,16.0,169.0,186.0,78.0,115.0,43.0,86.0,76.0,54.0,184.0,30.0,32.0,39.0,76.0,1310.0,40.0,33.0,888.0,40.0,201.0,55.0,23.0
434.0,18.0,284.0,74.0,1020.0,137.0,22.0,12.0,1938.0,23.0,98.0,661.0,104.0,21.0,63.0,78.0,539.0,33.0,156.0,236.0,109.0,44.0,764.0,101.0,3.0,85.0,294.0,16.0,158.0,228.0,79.0,122.0,30.0,95.0,103.0,44.0,170.0,35.0,33.0,59.0,86.0,1121.0,53.0,53.0,898.0,44.0,224.0,59.0,36.0
360.0,10.0,251.0,53.0,729.0,108.0,11.0,12.0,1801.0,128.0,99.0,622.0,72.0,8.0,61.0,63.0,433.0,27.0,128.0,198.0,92.0,47.0,786.0,78.0,10.0,15.0,299.0,8.0,143.0,194.0,58.0,102.0,27.0,48.0,64.0,25.0,144.0,31.0,23.0,37.0,65.0,964.0,37.0,46.0,987.0,21.0,133.0,36.0,17.0
467.0,8.0,371.0,62.0,939.0,168.0,19.0,11.0,1315.0,34.0,86.0,659.0,109.0,26.0,66.0,111.0,443.0,23.0,167.0,260.0,88.0,51.0,829.0,132.0,1.0,99.0,325.0,7.0,144.0,234.0,244.0,170.0,18.0,59.0,64.0,27.0,217.0,51.0,37.0,62.0,106.0,1273.0,66.0,52.0,970.0,35.0,159.0,71.0,29.0
656.0,14.0,517.0,44.0,1072.0,154.0,23.0,9.0,1685.0,42.0,81.0,732.0,112.0,28.0,86.0,90.0,492.0,26.0,153.0,272.0,85.0,37.0,878.0,113.0,1.0,91.0,394.0,12.0,183.0,200.0,303.0,132.0,11.0,55.0,51.0,33.0,203.0,42.0,29.0,64.0,122.0,1165.0,89.0,48.0,982.0,33.0,158.0,70.0,20.0
1245.0,21.0,488.0,89.0,1170.0,174.0,20.0,12.0,2254.0,41.0,54.0,775.0,98.0,41.0,84.0,77.0,450.0,20.0,175.0,316.0,106.0,59.0,1529.0,126.0,2.0,111.0,440.0,4.0,210.0,221.0,357.0,119.0,6.0,69.0,111.0,35.0,196.0,30.0,41.0,51.0,121.0,1350.0,78.0,50.0,945.0,14.0,121.0,31.0,15.0
1297.0,15.0,454.0,77.0,1057.0,123.0,19.0,13.0,2489.0,19.0,102.0,1039.0,100.0,44.0,75.0,148.0,588.0,25.0,174.0,268.0,74.0,39.0,1775.0,154.0,1.0,62.0,495.0,10.0,264.0,232.0,388.0,107.0,4.0,72.0,85.0,43.0,214.0,38.0,31.0,69.0,145.0,1418.0,43.0,45.0,1260.0,6.0,87.0,17.0,62.0
1274.0,21.0,344.0,61.0,916.0,160.0,13.0,19.0,2064.0,32.0,90.0,1251.0,136.0,28.0,81.0,134.0,1307.0,25.0,199.0,258.0,83.0,34.0,1570.0,181.0,3.0,85.0,624.0,8.0,199.0,259.0,349.0,158.0,0.0,80.0,142.0,45.0,243.0,44.0,57.0,67.0,188.0,1293.0,42.0,63.0,1466.0,30.0,103.0,29.0,60.0
1191.0,12.0,411.0,122.0,1190.0,199.0,25.0,30.0,1723.0,48.0,95.0,1172.0,168.0,13.0,101.0,135.0,922.0,31.0,219.0,328.0,96.0,61.0,1139.0,173.0,0.0,102.0,588.0,17.0,224.0,241.0,352.0,289.0,4.0,153.0,100.0,48.0,257.0,32.0,94.0,78.0,178.0,1524.0,37.0,75.0,1596.0,35.0,135.0,27.0,39.0
1195.0,28.0,447.0,166.0,1354.0,202.0,34.0,104.0,1133.0,41.0,115.0,1280.0,256.0,21.0,79.0,98.0,989.0,27.0,219.0,407.0,127.0,47.0,899.0,194.0,5.0,86.0,618.0,11.0,273.0,250.0,383.0,469.0,2.0,189.0,180.0,66.0,322.0,19.0,140.0,91.0,237.0,1950.0,58.0,57.0,1835.0,33.0,128.0,29.0,51.0
1624.0,36.0,604.0,271.0,1324.0,236.0,43.0,81.0,1288.0,57.0,162.0,1664.0,510.0,44.0,148.0,224.0,1684.0,39.0,344.0,370.0,149.0,82.0,1062.0,189.0,5.0,108.0,664.0,20.0,307.0,312.0,356.0,910.0,14.0,273.0,345.0,62.0,439.0,23.0,171.0,124.0,390.0,2518.0,143.0,73.0,2719.0,16.0,207.0,42.0,105.0
1938.0,33.0,756.0,335.0,1768.0,406.0,38.0,84.0,1629.0,68.0,170.0,1991.0,902.0,101.0,291.0,365.0,1035.0,64.0,322.0,512.0,252.0,100.0,1146.0,322.0,6.0,164.0,772.0,22.0,321.0,452.0,437.0,1260.0,19.0,437.0,511.0,86.0,681.0,55.0,414.0,150.0,652.0,3381.0,48.0,89.0,3294.0,46.0,313.0,101.0,152.0
1504.0,49.0,682.0,296.0,1747.0,486.0,71.0,91.0,1828.0,63.0,200.0,1857.0,826.0,102.0,286.0,496.0,2251.0,79.0,381.0,577.0,230.0,119.0,1142.0,318.0,23.0,156.0,775.0,24.0,384.0,437.0,528.0,1370.0,25.0,555.0,287.0,55.0,758.0,81.0,726.0,155.0,841.0,3086.0,133.0,97.0,3859.0,75.0,438.0,121.0,145.0
1586.0,41.0,769.0,285.0,1987.0,548.0,96.0,99.0,1908.0,81.0,224.0,1774.0,832.0,81.0,341.0,465.0,1596.0,100.0,339.0,697.0,384.0,125.0,1020.0,395.0,10.0,126.0,756.0,40.0,412.0,454.0,572.0,1406.0,29.0,418.0,170.0,89.0,687.0,149.0,616.0,185.0,791.0,3280.0,299.0,116.0,3731.0,63.0,524.0,135.0,167.0
1450.0,69.0,770.0,410.0,2036.0,654.0,109.0,125.0,1835.0,97.0,301.0,1739.0,844.0,105.0,397.0,329.0,1656.0,150.0,269.0,726.0,375.0,162.0,1089.0,528.0,20.0,156.0,784.0,37.0,351.0,625.0,537.0,1305.0,48.0,409.0,176.0,94.0,663.0,189.0,456.0,275.0,781.0,4821.0,152.0,128.0,3743.0,114.0,727.0,130.0,125.0
1200.0,65.0,681.0,271.0,1775.0,637.0,110.0,101.0,1596.0,88.0,287.0,1568.0,664.0,107.0,403.0,459.0,1102.0,101.0,213.0,618.0,428.0,140.0,865.0,466.0,28.0,300.0,762.0,37.0,421.0,516.0,420.0,962.0,57.0,316.0,185.0,59.0,591.0,286.0,364.0,244.0,446.0,3641.0,90.0,100.0,3184.0,94.0,765.0,120.0,107.0
737.0,116.0,454.0,308.0,2007.0,591.0,76.0,89.0,1048.0,94.0,290.0,1579.0,509.0,101.0,350.0,291.0,602.0,123.0,199.0,532.0,291.0,161.0,677.0,344.0,32.0,261.0,535.0,47.0,440.0,413.0,328.0,522.0,67.0,273.0,129.0,68.0,485.0,175.0,241.0,242.0,369.0,2401.0,66.0,82.0,2411.0,98.0,596.0,149.0,106.0
593.0,87.0,443.0,109.0,1853.0,451.0,37.0,73.0,794.0,61.0,299.0,1345.0,342.0,55.0,255.0,144.0,596.0,73.0,177.0,585.0,353.0,133.0,621.0,336.0,22.0,192.0,619.0,28.0,247.0,347.0,313.0,381.0,89.0,236.0,108.0,76.0,368.0,148.0,141.0,215.0,223.0,1784.0,154.0,89.0,1825.0,82.0,324.0,148.0,71.0
390.0,62.0,310.0,129.0,1598.0,387.0,37.0,43.0,775.0,73.0,202.0,1284.0,235.0,66.0,147.0,96.0,695.0,68.0,146.0,481.0,249.0,128.0,581.0,200.0,28.0,87.0,564.0,24.0,201.0,324.0,339.0,298.0,44.0,190.0,83.0,52.0,328.0,84.0,113.0,168.0,176.0,1231.0,142.0,62.0,1561.0,73.0,304.0,129.0,46.0
334.0,48.0,276.0,63.0,1111.0,289.0,15.0,22.0,665.0,24.0,177.0,1045.0,217.0,25.0,96.0,79.0,585.0,55.0,142.0,424.0,216.0,116.0,513.0,184.0,30.0,48.0,490.0,20.0,183.0,254.0,254.0,226.0,47.0,90.0,47.0,35.0,253.0,50.0,62.0,153.0,74.0,1082.0,123.0,52.0,1210.0,76.0,159.0,33.0,34.0
291.0,51.0,272.0,65.0,1160.0,192.0,41.0,41.0,581.0,42.0,102.0,985.0,119.0,12.0,83.0,127.0,392.0,48.0,104.0,459.0,176.0,109.0,560.0,131.0,14.0,31.0,436.0,26.0,239.0,224.0,242.0,175.0,19.0,112.0,25.0,47.0,244.0,54.0,55.0,131.0,88.0,968.0,98.0,55.0,1173.0,42.0,136.0,57.0,44.0
252.0,49.0,246.0,23.0,927.0,182.0,16.0,19.0,549.0,43.0,107.0,851.0,107.0,22.0,70.0,44.0,467.0,47.0,116.0,399.0,117.0,105.0,515.0,109.0,6.0,29.0,408.0,10.0,185.0,200.0,251.0,105.0,15.0,71.0,45.0,38.0,264.0,47.0,51.0,69.0,88.0,827.0,54.0,60.0,1028.0,18.0,103.0,44.0,35.0
189.0,31.0,222.0,12.0,918.0,167.0,8.0,4.0,485.0,26.0,107.0,616.0,68.0,14.0,51.0,43.0,242.0,33.0,118.0,364.0,92.0,68.0,520.0,93.0,8.0,38.0,290.0,3.0,140.0,137.0,236.0,115.0,16.0,51.0,16.0,30.0,213.0,35.0,39.0,44.0,60.0,770.0,75.0,56.0,722.0,25.0,75.0,34.0,21.0
194.0,31.0,257.0,18.0,736.0,153.0,8.0,3.0,490.0,34.0,51.0,640.0,53.0,10.0,46.0,28.0,219.0,25.0,130.0,291.0,97.0,57.0,438.0,64.0,1.0,28.0,372.0,2.0,136.0,155.0,197.0,60.0,6.0,36.0,14.0,37.0,144.0,27.0,36.0,49.0,65.0,683.0,40.0,37.0,774.0,33.0,69.0,9.0,23.0
207.0,17.0,241.0,12.0,784.0,177.0,10.0,1.0,468.0,22.0,68.0,526.0,53.0,12.0,48.0,35.0,308.0,23.0,69.0,247.0,77.0,44.0,420.0,43.0,0.0,13.0,275.0,7.0,189.0,141.0,123.0,49.0,4.0,39.0,8.0,31.0,142.0,45.0,15.0,41.0,44.0,605.0,17.0,36.0,635.0,16.0,60.0,18.0,14.0
198.0,17.0,181.0,14.0,734.0,151.0,4.0,3.0,446.0,8.0,58.0,479.0,46.0,5.0,32.0,72.0,184.0,25.0,83.0,244.0,79.0,24.0,355.0,38.0,0.0,9.0,273.0,3.0,93.0,135.0,153.0,50.0,4.0,68.0,7.0,29.0,141.0,25.0,12.0,27.0,10.0,662.0,26.0,40.0,672.0,16.0,37.0,18.0,7.0
180.0,7.0,156.0,10.0,672.0,113.0,3.0,1.0,488.0,18.0,50.0,575.0,59.0,3.0,31.0,19.0,107.0,25.0,72.0,200.0,84.0,22.0,378.0,54.0,0.0,7.0,250.0,3.0,102.0,132.0,164.0,50.0,1.0,39.0,8.0,28.0,120.0,3.0,3.0,28.0,7.0,730.0,26.0,52.0,705.0,11.0,38.0,8.0,18.0
161.0,6.0,124.0,6.0,700.0,118.0,2.0,2.0,491.0,19.0,65.0,392.0,43.0,3.0,39.0,18.0,178.0,16.0,55.0,214.0,92.0,26.0,334.0,41.0,0.0,8.0,64.0,3.0,162.0,121.0,57.0,37.0,4.0,48.0,5.0,31.0,113.0,1.0,7.0,22.0,5.0,574.0,31.0,38.0,709.0,8.0,34.0,15.0,10.0
167.0,14.0,137.0,12.0,583.0,112.0,1.0,0.0,373.0,24.0,50.0,381.0,35.0,2.0,25.0,8.0,165.0,21.0,77.0,248.0,56.0,21.0,342.0,43.0,0.0,3.0,50.0,1.0,162.0,76.0,99.0,41.0,0.0,27.0,4.0,19.0,95.0,1.0,14.0,22.0,2.0,459.0,17.0,22.0,617.0,2.0,37.0,9.0,4.0
134.0,7.0,104.0,13.0,581.0,88.0,2.0,0.0,414.0,11.0,66.0,516.0,48.0,1.0,19.0,33.0,121.0,23.0,41.0,202.0,51.0,14.0,392.0,2.0,0.0,3.0,51.0,1.0,118.0,75.0,88.0,39.0,2.0,38.0,1.0,19.0,98.0,1.0,6.0,19.0,2.0,487.0,10.0,18.0,629.0,2.0,33.0,8.0,4.0
144.0,11.0,97.0,11.0,588.0,84.0,1.0,0.0,300.0,13.0,52.0,392.0,31.0,0.0,18.0,6.0,152.0,18.0,70.0,254.0,69.0,17.0,349.0,3.0,0.0,5.0,71.0,0.0,151.0,58.0,8.0,34.0,0.0,20.0,4.0,15.0,111.0,1.0,9.0,18.0,6.0,391.0,16.0,20.0,580.0,3.0,28.0,2.0,4.0
149.0,10.0,80.0,8.0,461.0,70.0,0.0,0.0,249.0,11.0,44.0,311.0,30.0,0.0,6.0,12.0,162.0,17.0,100.0,218.0,65.0,15.0,300.0,1.0,0.0,1.0,58.0,0.0,106.0,64.0,5.0,31.0,0.0,5.0,5.0,18.0,75.0,1.0,7.0,23.0,2.0,434.0,17.0,10.0,548.0,1.0,36.0,2.0,6.0
96.0,14.0,86.0,3.0,436.0,55.0,0.0,0.0,214.0,17.0,46.0,307.0,21.0,0.0,14.0,10.0,149.0,15.0,66.0,177.0,52.0,29.0,276.0,8.0,0.0,2.0,53.0,1.0,117.0,45.0,7.0,27.0,0.0,6.0,0.0,23.0,81.0,1.0,5.0,16.0,3.0,378.0,12.0,20.0,458.0,0.0,16.0,9.0,5.0
112.0,10.0,81.0,3.0,426.0,45.0,0.0,0.0,168.0,18.0,49.0,379.0,31.0,0.0,4.0,34.0,145.0,19.0,63.0,155.0,54.0,11.0,212.0,3.0,0.0,1.0,42.0,1.0,43.0,39.0,7.0,29.0,1.0,22.0,3.0,14.0,64.0,1.0,9.0,13.0,1.0,323.0,23.0,11.0,452.0,0.0,17.0,9.0,2.0
88.0,9.0,82.0,2.0,343.0,64.0,0.0,0.0,222.0,28.0,31.0,372.0,26.0,1.0,4.0,5.0,65.0,31.0,63.0,138.0,36.0,26.0,268.0,4.0,0.0,1.0,26.0,0.0,9.0,53.0,2.0,26.0,0.0,20.0,3.0,10.0,82.0,2.0,9.0,20.0,1.0,333.0,17.0,12.0,444.0,0.0,20.0,5.0,3.0
109.0,12.0,95.0,2.0,383.0,56.0,0.0,0.0,173.0,22.0,22.0,244.0,14.0,0.0,4.0,5.0,119.0,24.0,74.0,167.0,45.0,12.0,244.0,3.0,0.0,1.0,33.0,0.0,8.0,46.0,3.0,19.0,0.0,6.0,2.0,10.0,55.0,0.0,4.0,21.0,1.0,384.0,5.0,12.0,357.0,0.0,14.0,7.0,4.0
74.0,6.0,77.0,0.0,327.0,75.0,0.0,0.0,154.0,16.0,32.0,335.0,19.0,0.0,14.0,26.0,180.0,25.0,67.0,163.0,38.0,15.0,287.0,2.0,0.0,2.0,30.0,1.0,4.0,57.0,7.0,13.0,0.0,8.0,2.0,6.0,60.0,2.0,4.0,18.0,1.0,260.0,14.0,16.0,353.0,0.0,6.0,3.0,3.0
77.0,8.0,67.0,1.0,303.0,70.0,0.0,0.0,181.0,20.0,20.0,356.0,18.0,0.0,14.0,2.0,169.0,19.0,46.0,154.0,30.0,4.0,235.0,1.0,0.0,4.0,34.0,0.0,11.0,45.0,7.0,17.0,0.0,3.0,2.0,10.0,54.0,0.0,14.0,24.0,0.0,298.0,8.0,15.0,369.0,0.0,9.0,5.0,2.0
14.0,7.0,91.0,0.0,91.0,93.0,0.0,0.0,186.0,2.0,13.0,351.0,14.0,1.0,6.0,23.0,109.0,14.0,78.0,153.0,41.0,18.0,225.0,3.0,0.0,1.0,38.0,1.0,13.0,52.0,8.0,11.0,5.0,13.0,1.0,8.0,50.0,1.0,6.0,22.0,2.0,317.0,4.0,14.0,320.0,0.0,5.0,1.0,2.0
111.0,9.0,69.0,5.0,295.0,69.0,0.0,0.0,241.0,8.0,23.0,316.0,12.0,1.0,8.0,0.0,113.0,15.0,55.0,164.0,35.0,12.0,247.0,1.0,0.0,2.0,30.0,0.0,16.0,50.0,6.0,11.0,7.0,14.0,0.0,9.0,62.0,0.0,5.0,18.0,2.0,302.0,12.0,15.0,355.0,0.0,8.0,5.0,3.0
130.0,6.0,98.0,2.0,284.0,77.0,2.0,0.0,284.0,7.0,24.0,370.0,17.0,0.0,2.0,2.0,121.0,18.0,52.0,142.0,42.0,8.0,304.0,1.0,0.0,5.0,31.0,1.0,13.0,54.0,7.0,23.0,8.0,4.0,6.0,8.0,56.0,0.0,4.0,15.0,6.0,372.0,11.0,26.0,409.0,0.0,13.0,2.0,5.0
142.0,3.0,128.0,6.0,350.0,78.0,1.0,0.0,406.0,17.0,14.0,398.0,28.0,1.0,12.0,3.0,198.0,17.0,78.0,143.0,51.0,20.0,404.0,1.0,0.0,3.0,30.0,0.0,10.0,64.0,6.0,16.0,12.0,9.0,8.0,7.0,57.0,0.0,3.0,21.0,7.0,388.0,14.0,23.0,396.0,1.0,29.0,6.0,4.0
145.0,17.0,148.0,7.0,376.0,119.0,0.0,0.0,389.0,9.0,45.0,431.0,27.0,4.0,17.0,6.0,171.0,20.0,49.0,134.0,70.0,11.0,327.0,5.0,0.0,4.0,24.0,1.0,10.0,95.0,10.0,25.0,11.0,5.0,5.0,9.0,67.0,4.0,4.0,25.0,15.0,550.0,17.0,23.0,427.0,0.0,30.0,8.0,6.0
181.0,16.0,85.0,8.0,322.0,99.0,0.0,0.0,435.0,12.0,43.0,448.0,34.0,5.0,35.0,7.0,170.0,19.0,40.0,121.0,49.0,19.0,360.0,8.0,0.0,11.0,41.0,0.0,12.0,63.0,8.0,20.0,15.0,9.0,10.0,10.0,76.0,4.0,4.0,26.0,15.0,557.0,14.0,28.0,488.0,1.0,27.0,5.0,9.0
224.0,19.0,118.0,11.0,420.0,121.0,2.0,0.0,467.0,19.0,26.0,439.0,33.0,15.0,45.0,7.0,35.0,14.0,54.0,163.0,63.0,34.0,370.0,9.0,0.0,34.0,45.0,1.0,16.0,83.0,9.0,36.0,20.0,20.0,20.0,16.0,113.0,4.0,8.0,24.0,33.0,591.0,18.0,30.0,601.0,1.0,51.0,7.0,10.0
234.0,24.0,107.0,9.0,445.0,124.0,0.0,0.0,453.0,12.0,32.0,541.0,53.0,7.0,26.0,5.0,37.0,16.0,113.0,169.0,59.0,27.0,339.0,9.0,1.0,14.0,40.0,3.0,24.0,80.0,22.0,37.0,32.0,10.0,7.0,23.0,139.0,6.0,10.0,20.0,38.0,568.0,99.0,20.0,714.0,4.0,69.0,18.0,18.0
229.0,29.0,120.0,5.0,474.0,131.0,1.0,0.0,563.0,17.0,32.0,512.0,77.0,12.0,41.0,8.0,127.0,15.0,105.0,216.0,80.0,44.0,415.0,6.0,0.0,10.0,56.0,5.0,33.0,118.0,24.0,59.0,24.0,19.0,10.0,21.0,188.0,12.0,6.0,22.0,44.0,510.0,103.0,24.0,833.0,0.0,59.0,17.0,12.0
267.0,58.0,138.0,27.0,568.0,153.0,3.0,5.0,578.0,106.0,35.0,886.0,97.0,36.0,81.0,73.0,377.0,23.0,172.0,190.0,105.0,33.0,399.0,87.0,0.0,19.0,65.0,4.0,49.0,136.0,79.0,64.0,32.0,85.0,42.0,9.0,150.0,11.0,20.0,46.0,50.0,772.0,244.0,49.0,840.0,38.0,77.0,26.0,24.0
317.0,38.0,132.0,31.0,703.0,117.0,5.0,4.0,559.0,104.0,48.0,794.0,132.0,41.0,82.0,53.0,355.0,28.0,141.0,297.0,108.0,48.0,394.0,77.0,2.0,11.0,61.0,12.0,44.0,97.0,81.0,110.0,32.0,114.0,28.0,25.0,161.0,6.0,21.0,70.0,47.0,692.0,287.0,53.0,927.0,39.0,99.0,17.0,20.0
315.0,32.0,153.0,55.0,801.0,123.0,17.0,2.0,485.0,112.0,46.0,755.0,130.0,37.0,80.0,49.0,333.0,30.0,150.0,275.0,102.0,70.0,396.0,58.0,1.0,9.0,81.0,7.0,48.0,160.0,62.0,162.0,29.0,124.0,36.0,21.0,168.0,16.0,10.0,45.0,44.0,792.0,273.0,36.0,897.0,32.0,91.0,25.0,44.0
387.0,30.0,179.0,44.0,797.0,127.0,9.0,3.0,389.0,125.0,66.0,772.0,118.0,46.0,93.0,59.0,314.0,42.0,187.0,301.0,92.0,53.0,389.0,62.0,4.0,79.0,95.0,21.0,45.0,181.0,59.0,164.0,16.0,119.0,16.0,19.0,186.0,17.0,20.0,55.0,62.0,833.0,292.0,42.0,909.0,39.0,119.0,36.0,43.0
362.0,11.0,201.0,61.0,866.0,116.0,7.0,7.0,577.0,146.0,86.0,797.0,150.0,62.0,72.0,84.0,420.0,26.0,160.0,315.0,117.0,84.0,412.0,88.0,4.0,81.0,99.0,14.0,60.0,195.0,83.0,178.0,24.0,138.0,28.0,25.0,206.0,26.0,31.0,56.0,60.0,768.0,352.0,62.0,938.0,55.0,140.0,15.0,40.0
396.0,25.0,198.0,67.0,784.0,108.0,19.0,10.0,623.0,115.0,73.0,742.0,130.0,30.0,78.0,54.0,289.0,44.0,159.0,306.0,119.0,88.0,467.0,63.0,0.0,84.0,93.0,15.0,55.0,154.0,62.0,201.0,25.0,148.0,23.0,15.0,228.0,38.0,29.0,44.0,99.0,876.0,383.0,49.0,1023.0,41.0,136.0,28.0,40.0
286.0,9.0,250.0,74.0,992.0,152.0,11.0,13.0,569.0,131.0,100.0,819.0,115.0,51.0,65.0,57.0,356.0,31.0,183.0,261.0,88.0,71.0,438.0,95.0,3.0,9.0,94.0,23.0,66.0,235.0,63.0,193.0,20.0,116.0,64.0,27.0,201.0,18.0,25.0,41.0,57.0,915.0,363.0,47.0,1050.0,55.0,95.0,26.0,38.0
337.0,10.0,219.0,47.0,594.0,84.0,0.0,3.0,599.0,88.0,53.0,783.0,91.0,11.0,70.0,51.0,290.0,22.0,128.0,241.0,76.0,78.0,430.0,70.0,7.0,15.0,87.0,11.0,54.0,222.0,36.0,103.0,38.0,97.0,15.0,37.0,193.0,6.0,10.0,39.0,63.0,722.0,388.0,55.0,1009.0,39.0,84.0,21.0,24.0
318.0,20.0,242.0,104.0,511.0,141.0,7.0,14.0,520.0,134.0,98.0,772.0,120.0,38.0,66.0,77.0,355.0,36.0,176.0,261.0,86.0,75.0,426.0,86.0,7.0,86.0,94.0,19.0,59.0,201.0,87.0,170.0,15.0,120.0,48.0,32.0,217.0,33.0,28.0,37.0,65.0,802.0,332.0,75.0,1144.0,42.0,92.0,36.0,35.0
387.0,15.0,223.0,79.0,883.0,137.0,8.0,25.0,440.0,119.0,73.0,694.0,109.0,47.0,71.0,84.0,321.0,35.0,152.0,245.0,91.0,66.0,405.0,72.0,4.0,22.0,82.0,16.0,59.0,163.0,101.0,147.0,25.0,101.0,35.0,20.0,180.0,15.0,37.0,55.0,106.0,608.0,297.0,58.0,1014.0,28.0,85.0,35.0,29.0
425.0,11.0,193.0,70.0,951.0,141.0,21.0,16.0,553.0,125.0,90.0,772.0,103.0,39.0,80.0,47.0,449.0,32.0,182.0,296.0,113.0,62.0,494.0,107.0,3.0,107.0,110.0,18.0,57.0,132.0,82.0,166.0,36.0,107.0,22.0,31.0,192.0,23.0,22.0,64.0,52.0,781.0,343.0,58.0,1116.0,47.0,79.0,27.0,22.0
394.0,10.0,192.0,73.0,843.0,125.0,9.0,6.0,778.0,98.0,58.0,840.0,89.0,33.0,70.0,49.0,338.0,29.0,174.0,319.0,88.0,67.0,529.0,84.0,3.0,82.0,97.0,11.0,28.0,170.0,57.0,129.0,30.0,69.0,20.0,44.0,203.0,18.0,17.0,44.0,36.0,779.0,343.0,62.0,1145.0,47.0,90.0,27.0,21.0
416.0,12.0,213.0,59.0,718.0,123.0,10.0,8.0,714.0,100.0,92.0,1020.0,109.0,22.0,77.0,37.0,314.0,25.0,150.0,279.0,65.0,95.0,666.0,119.0,2.0,124.0,116.0,8.0,15.0,198.0,36.0,149.0,16.0,65.0,13.0,29.0,228.0,7.0,37.0,49.0,45.0,713.0,381.0,79.0,1359.0,43.0,92.0,17.0,25.0
389.0,13.0,225.0,75.0,854.0,127.0,19.0,19.0,609.0,128.0,68.0,888.0,92.0,41.0,59.0,62.0,397.0,23.0,155.0,295.0,74.0,61.0,488.0,132.0,2.0,81.0,84.0,15.0,39.0,184.0,72.0,134.0,23.0,98.0,44.0,35.0,183.0,7.0,25.0,38.0,68.0,745.0,406.0,60.0,1264.0,53.0,70.0,27.0,37.0
449.0,9.0,207.0,90.0,958.0,157.0,6.0,12.0,550.0,125.0,62.0,830.0,106.0,33.0,91.0,71.0,226.0,32.0,170.0,333.0,99.0,64.0,576.0,136.0,4.0,104.0,67.0,7.0,24.0,182.0,84.0,184.0,18.0,132.0,27.0,28.0,205.0,5.0,28.0,58.0,85.0,859.0,428.0,72.0,946.0,44.0,101.0,27.0,35.0
545.0,14.0,212.0,93.0,855.0,160.0,15.0,7.0,622.0,148.0,65.0,867.0,91.0,41.0,109.0,46.0,238.0,19.0,181.0,314.0,105.0,46.0,443.0,136.0,3.0,121.0,131.0,13.0,36.0,169.0,80.0,195.0,27.0,112.0,32.0,37.0,201.0,9.0,52.0,76.0,125.0,923.0,372.0,63.0,1117.0,39.0,76.0,29.0,42.0
606.0,28.0,216.0,118.0,1224.0,231.0,18.0,10.0,642.0,144.0,85.0,948.0,133.0,47.0,112.0,92.0,270.0,32.0,203.0,353.0,125.0,65.0,514.0,203.0,4.0,102.0,135.0,5.0,45.0,218.0,69.0,215.0,26.0,109.0,137.0,52.0,217.0,18.0,54.0,95.0,154.0,899.0,422.0,60.0,1034.0,49.0,93.0,55.0,49.0
650.0,11.0,303.0,78.0,1359.0,213.0,14.0,15.0,768.0,150.0,100.0,1136.0,133.0,52.0,155.0,94.0,266.0,21.0,180.0,338.0,135.0,72.0,660.0,312.0,6.0,124.0,149.0,17.0,40.0,217.0,88.0,235.0,31.0,149.0,103.0,38.0,219.0,20.0,60.0,131.0,111.0,1046.0,542.0,58.0,1128.0,93.0,117.0,34.0,66.0
697.0,13.0,273.0,137.0,1265.0,239.0,31.0,6.0,724.0,129.0,82.0,989.0,125.0,64.0,218.0,85.0,365.0,26.0,236.0,312.0,126.0,78.0,646.0,342.0,7.0,123.0,246.0,14.0,42.0,192.0,72.0,293.0,25.0,137.0,118.0,44.0,236.0,23.0,44.0,129.0,145.0,1124.0,566.0,69.0,1020.0,90.0,82.0,43.0,44.0
726.0,8.0,362.0,119.0,1278.0,243.0,51.0,14.0,740.0,154.0,146.0,1361.0,110.0,68.0,265.0,124.0,376.0,31.0,226.0,320.0,163.0,80.0,593.0,386.0,5.0,120.0,279.0,8.0,44.0,217.0,81.0,292.0,21.0,127.0,175.0,67.0,230.0,12.0,47.0,167.0,196.0,1241.0,589.0,58.0,1164.0,83.0,104.0,43.0,56.0
654.0,10.0,344.0,132.0,1300.0,316.0,21.0,4.0,379.0,119.0,105.0,1557.0,183.0,40.0,289.0,161.0,430.0,29.0,162.0,305.0,150.0,73.0,578.0,358.0,16.0,120.0,273.0,16.0,44.0,249.0,124.0,390.0,17.0,160.0,253.0,49.0,232.0,14.0,48.0,134.0,224.0,1141.0,629.0,64.0,1163.0,92.0,94.0,40.0,70.0
577.0,19.0,354.0,164.0,1253.0,343.0,22.0,10.0,732.0,169.0,133.0,1561.0,175.0,61.0,323.0,137.0,370.0,23.0,198.0,298.0,171.0,95.0,562.0,393.0,12.0,140.0,254.0,3.0,49.0,345.0,109.0,345.0,19.0,123.0,248.0,71.0,213.0,18.0,38.0,122.0,215.0,1434.0,629.0,53.0,1091.0,84.0,96.0,44.0,90.0
574.0,13.0,334.0,254.0,812.0,321.0,38.0,17.0,696.0,171.0,112.0,1829.0,193.0,46.0,338.0,105.0,329.0,17.0,255.0,261.0,189.0,72.0,688.0,363.0,23.0,112.0,216.0,5.0,61.0,249.0,102.0,299.0,18.0,129.0,295.0,70.0,172.0,10.0,19.0,106.0,204.0,960.0,618.0,50.0,1077.0,103.0,126.0,45.0,85.0
552.0,25.0,321.0,327.0,920.0,340.0,11.0,13.0,748.0,212.0,157.0,2074.0,219.0,43.0,262.0,126.0,425.0,11.0,212.0,292.0,263.0,89.0,671.0,291.0,31.0,83.0,340.0,9.0,37.0,260.0,127.0,174.0,42.0,93.0,303.0,79.0,199.0,7.0,27.0,114.0,322.0,1278.0,698.0,76.0,1078.0,97.0,101.0,72.0,99.0
366.0,23.0,309.0,118.0,819.0,274.0,10.0,12.0,688.0,319.0,157.0,1562.0,193.0,37.0,133.0,106.0,365.0,33.0,191.0,320.0,169.0,103.0,531.0,158.0,19.0,68.0,190.0,4.0,48.0,213.0,86.0,271.0,40.0,99.0,128.0,120.0,205.0,15.0,23.0,53.0,194.0,1149.0,506.0,91.0,977.0,78.0,151.0,48.0,48.0
334.0,18.0,298.0,81.0,1229.0,188.0,12.0,4.0,642.0,334.0,111.0,1077.0,153.0,21.0,93.0,70.0,422.0,23.0,150.0,197.0,102.0,75.0,456.0,92.0,4.0,67.0,214.0,7.0,42.0,191.0,78.0,169.0,18.0,98.0,74.0,41.0,214.0,25.0,22.0,48.0,109.0,1057.0,518.0,94.0,898.0,102.0,114.0,26.0,82.0
316.0,37.0,275.0,66.0,952.0,194.0,8.0,11.0,521.0,370.0,122.0,1009.0,145.0,13.0,78.0,52.0,284.0,18.0,134.0,289.0,99.0,86.0,439.0,60.0,3.0,60.0,182.0,8.0,49.0,200.0,95.0,200.0,26.0,86.0,68.0,31.0,184.0,28.0,19.0,36.0,75.0,947.0,370.0,87.0,860.0,115.0,81.0,39.0,65.0
297.0,54.0,280.0,49.0,927.0,156.0,20.0,14.0,468.0,57.0,82.0,962.0,95.0,14.0,40.0,19.0,233.0,27.0,122.0,279.0,105.0,68.0,329.0,64.0,9.0,59.0,132.0,7.0,38.0,218.0,88.0,168.0,18.0,60.0,31.0,81.0,196.0,43.0,16.0,40.0,117.0,851.0,381.0,80.0,769.0,125.0,61.0,16.0,37.0
351.0,51.0,234.0,29.0,717.0,129.0,5.0,4.0,468.0,56.0,94.0,863.0,91.0,18.0,39.0,23.0,350.0,20.0,117.0,260.0,85.0,55.0,316.0,52.0,2.0,56.0,120.0,11.0,48.0,156.0,88.0,154.0,26.0,63.0,73.0,28.0,193.0,21.0,30.0,40.0,52.0,842.0,336.0,64.0,780.0,120.0,69.0,27.0,33.0
350.0,45.0,175.0,34.0,693.0,133.0,2.0,0.0,303.0,347.0,82.0,839.0,66.0,14.0,35.0,24.0,289.0,11.0,156.0,235.0,87.0,59.0,375.0,58.0,10.0,50.0,89.0,6.0,40.0,142.0,82.0,130.0,8.0,48.0,60.0,36.0,148.0,10.0,20.0,36.0,54.0,765.0,334.0,58.0,710.0,93.0,56.0,14.0,42.0
341.0,41.0,163.0,28.0,732.0,125.0,5.0,3.0,175.0,352.0,77.0,749.0,62.0,6.0,30.0,19.0,326.0,20.0,139.0,178.0,103.0,69.0,398.0,52.0,0.0,55.0,68.0,5.0,45.0,116.0,47.0,98.0,5.0,56.0,43.0,30.0,143.0,16.0,20.0,21.0,79.0,737.0,275.0,45.0,740.0,106.0,46.0,20.0,21.0
331.0,35.0,151.0,37.0,673.0,99.0,4.0,5.0,189.0,369.0,56.0,544.0,56.0,4.0,22.0,8.0,227.0,30.0,119.0,215.0,92.0,53.0,425.0,10.0,3.0,61.0,85.0,4.0,19.0,110.0,52.0,78.0,8.0,62.0,50.0,22.0,127.0,14.0,8.0,28.0,32.0,751.0,297.0,34.0,647.0,79.0,45.0,14.0,14.0
357.0,22.0,126.0,31.0,613.0,130.0,1.0,2.0,208.0,348.0,59.0,542.0,36.0,1.0,18.0,4.0,248.0,13.0,97.0,196.0,79.0,44.0,397.0,6.0,0.0,52.0,96.0,2.0,19.0,91.0,46.0,57.0,10.0,35.0,15.0,22.0,119.0,6.0,17.0,29.0,44.0,750.0,262.0,28.0,645.0,54.0,39.0,10.0,10.0
250.0,17.0,117.0,16.0,593.0,77.0,6.0,0.0,476.0,355.0,65.0,482.0,31.0,1.0,10.0,6.0,302.0,9.0,31.0,200.0,55.0,20.0,359.0,4.0,0.0,44.0,102.0,3.0,6.0,88.0,34.0,18.0,1.0,28.0,41.0,15.0,97.0,6.0,10.0,22.0,61.0,781.0,255.0,29.0,660.0,26.0,26.0,4.0,15.0
257.0,11.0,99.0,14.0,465.0,85.0,7.0,1.0,496.0,303.0,51.0,511.0,43.0,0.0,5.0,10.0,120.0,24.0,4.0,156.0,45.0,22.0,263.0,7.0,0.0,14.0,114.0,1.0,9.0,63.0,24.0,72.0,4.0,19.0,8.0,15.0,83.0,2.0,13.0,19.0,42.0,611.0,364.0,24.0,733.0,25.0,16.0,6.0,12.0
244.0,5.0,92.0,1.0,497.0,88.0,1.0,0.0,363.0,241.0,43.0,490.0,17.0,0.0,3.0,5.0,262.0,17.0,63.0,161.0,45.0,29.0,252.0,3.0,0.0,2.0,60.0,3.0,3.0,61.0,18.0,55.0,0.0,20.0,40.0,19.0,71.0,1.0,5.0,14.0,43.0,552.0,272.0,23.0,624.0,19.0,22.0,3.0,15.0
207.0,6.0,102.0,0.0,466.0,77.0,8.0,0.0,346.0,185.0,30.0,374.0,16.0,0.0,3.0,2.0,206.0,2.0,52.0,171.0,47.0,24.0,232.0,0.0,0.0,6.0,43.0,3.0,5.0,77.0,9.0,46.0,3.0,7.0,4.0,19.0,62.0,3.0,15.0,0.0,6.0,520.0,255.0,18.0,661.0,16.0,20.0,4.0,4.0
44.0,5.0,90.0,3.0,482.0,75.0,4.0,0.0,261.0,183.0,28.0,389.0,20.0,1.0,1.0,2.0,206.0,19.0,53.0,173.0,51.0,14.0,212.0,0.0,0.0,3.0,100.0,0.0,4.0,43.0,13.0,41.0,3.0,7.0,41.0,12.0,64.0,1.0,10.0,0.0,56.0,539.0,234.0,19.0,603.0,17.0,20.0,11.0,5.0
199.0,8.0,94.0,3.0,411.0,60.0,9.0,0.0,231.0,160.0,20.0,402.0,29.0,1.0,1.0,0.0,202.0,27.0,38.0,168.0,13.0,27.0,186.0,2.0,0.0,2.0,42.0,2.0,5.0,64.0,8.0,42.0,0.0,12.0,26.0,9.0,59.0,1.0,7.0,1.0,44.0,572.0,203.0,18.0,545.0,16.0,11.0,3.0,3.0
177.0,7.0,57.0,0.0,365.0,57.0,6.0,0.0,253.0,150.0,18.0,369.0,20.0,1.0,4.0,7.0,184.0,19.0,32.0,145.0,51.0,31.0,183.0,0.0,0.0,13.0,42.0,1.0,8.0,43.0,13.0,41.0,0.0,9.0,26.0,4.0,43.0,0.0,7.0,0.0,32.0,516.0,176.0,14.0,554.0,13.0,9.0,6.0,5.0
186.0,6.0,63.0,0.0,390.0,68.0,5.0,0.0,221.0,122.0,17.0,396.0,23.0,1.0,3.0,2.0,191.0,15.0,48.0,185.0,50.0,29.0,134.0,7.0,0.0,4.0,19.0,0.0,2.0,60.0,8.0,51.0,0.0,8.0,25.0,5.0,49.0,0.0,13.0,2.0,5.0,467.0,165.0,15.0,460.0,12.0,16.0,11.0,1.0
160.0,6.0,67.0,0.0,357.0,69.0,5.0,0.0,222.0,161.0,22.0,397.0,18.0,0.0,0.0,1.0,199.0,15.0,49.0,166.0,36.0,18.0,104.0,6.0,0.0,5.0,41.0,1.0,1.0,69.0,7.0,45.0,0.0,3.0,0.0,6.0,57.0,0.0,8.0,3.0,0.0,471.0,169.0,16.0,510.0,12.0,10.0,3.0,1.0
166.0,6.0,77.0,3.0,354.0,72.0,8.0,0.0,231.0,200.0,18.0,429.0,26.0,0.0,4.0,1.0,196.0,23.0,46.0,134.0,41.0,25.0,230.0,2.0,0.0,8.0,37.0,0.0,4.0,38.0,5.0,45.0,0.0,20.0,8.0,5.0,71.0,0.0,4.0,2.0,21.0,438.0,190.0,17.0,494.0,13.0,15.0,4.0,2.0
174.0,5.0,102.0,5.0,362.0,59.0,1.0,0.0,210.0,231.0,22.0,490.0,38.0,0.0,3.0,12.0,227.0,19.0,55.0,144.0,45.0,22.0,262.0,1.0,0.0,15.0,15.0,2.0,2.0,64.0,9.0,3.0,7.0,1.0,14.0,3.0,52.0,0.0,12.0,3.0,5.0,491.0,182.0,16.0,490.0,7.0,13.0,11.0,1.0
153.0,5.0,127.0,3.0,343.0,62.0,5.0,0.0,281.0,251.0,18.0,378.0,21.0,0.0,2.0,3.0,261.0,17.0,51.0,159.0,31.0,26.0,205.0,2.0,0.0,5.0,34.0,0.0,1.0,89.0,5.0,42.0,1.0,14.0,0.0,7.0,46.0,0.0,2.0,3.0,3.0,500.0,155.0,20.0,471.0,14.0,23.0,14.0,5.0
197.0,2.0,116.0,0.0,160.0,72.0,4.0,1.0,335.0,209.0,16.0,442.0,26.0,0.0,2.0,5.0,219.0,14.0,40.0,150.0,41.0,10.0,181.0,5.0,0.0,6.0,44.0,1.0,1.0,60.0,7.0,43.0,1.0,5.0,1.0,5.0,55.0,1.0,0.0,3.0,46.0,519.0,206.0,21.0,520.0,11.0,28.0,0.0,3.0
216.0,3.0,142.0,0.0,411.0,95.0,8.0,1.0,483.0,228.0,22.0,518.0,40.0,0.0,6.0,5.0,344.0,13.0,36.0,122.0,49.0,20.0,235.0,5.0,0.0,43.0,35.0,0.0,6.0,76.0,4.0,43.0,4.0,19.0,40.0,4.0,68.0,0.0,3.0,3.0,30.0,561.0,163.0,16.0,536.0,8.0,29.0,2.0,2.0
286.0,3.0,179.0,0.0,525.0,110.0,7.0,2.0,414.0,208.0,28.0,579.0,46.0,1.0,3.0,10.0,364.0,14.0,55.0,139.0,46.0,13.0,190.0,2.0,0.0,53.0,41.0,2.0,6.0,109.0,7.0,62.0,2.0,30.0,40.0,6.0,65.0,0.0,14.0,2.0,29.0,542.0,194.0,20.0,584.0,7.0,64.0,3.0,4.0
274.0,12.0,133.0,0.0,543.0,89.0,6.0,2.0,215.0,160.0,26.0,503.0,55.0,2.0,6.0,12.0,301.0,13.0,44.0,148.0,51.0,17.0,250.0,8.0,0.0,51.0,39.0,2.0,17.0,84.0,8.0,43.0,0.0,25.0,59.0,6.0,66.0,2.0,7.0,3.0,79.0,579.0,282.0,25.0,678.0,13.0,34.0,6.0,9.0
277.0,13.0,137.0,0.0,627.0,97.0,6.0,0.0,226.0,161.0,26.0,687.0,52.0,7.0,8.0,16.0,360.0,14.0,72.0,186.0,46.0,30.0,219.0,18.0,0.0,58.0,113.0,1.0,21.0,93.0,15.0,63.0,4.0,34.0,46.0,10.0,117.0,7.0,9.0,0.0,15.0,780.0,300.0,19.0,773.0,9.0,56.0,11.0,6.0
268.0,4.0,137.0,0.0,678.0,102.0,8.0,0.0,211.0,171.0,39.0,607.0,67.0,1.0,7.0,12.0,395.0,21.0,60.0,165.0,64.0,32.0,257.0,6.0,0.0,62.0,48.0,2.0,24.0,97.0,9.0,69.0,0.0,45.0,17.0,18.0,97.0,4.0,13.0,3.0,33.0,782.0,220.0,31.0,960.0,18.0,45.0,12.0,6.0
312.0,7.0,122.0,2.0,656.0,132.0,10.0,0.0,230.0,177.0,63.0,644.0,44.0,7.0,2.0,12.0,370.0,14.0,89.0,170.0,33.0,30.0,323.0,28.0,0.0,61.0,33.0,1.0,26.0,100.0,24.0,71.0,2.0,47.0,74.0,10.0,109.0,10.0,15.0,4.0,41.0,778.0,232.0,31.0,924.0,18.0,52.0,24.0,9.0
238.0,27.0,132.0,14.0,720.0,102.0,16.0,5.0,261.0,201.0,47.0,696.0,69.0,13.0,50.0,21.0,549.0,45.0,105.0,195.0,139.0,34.0,469.0,101.0,5.0,90.0,89.0,13.0,68.0,126.0,48.0,150.0,17.0,123.0,75.0,14.0,213.0,13.0,28.0,43.0,44.0,794.0,227.0,40.0,924.0,38.0,51.0,39.0,27.0
288.0,17.0,136.0,23.0,781.0,115.0,16.0,8.0,308.0,173.0,50.0,734.0,70.0,5.0,62.0,39.0,677.0,54.0,117.0,177.0,158.0,24.0,504.0,103.0,4.0,85.0,77.0,5.0,83.0,134.0,94.0,120.0,18.0,109.0,109.0,25.0,171.0,9.0,23.0,54.0,50.0,951.0,207.0,34.0,995.0,40.0,70.0,32.0,39.0
265.0,23.0,194.0,33.0,840.0,98.0,32.0,9.0,278.0,179.0,45.0,789.0,75.0,10.0,92.0,23.0,681.0,46.0,108.0,301.0,167.0,27.0,518.0,140.0,5.0,81.0,97.0,4.0,71.0,105.0,156.0,154.0,9.0,136.0,56.0,27.0,219.0,19.0,27.0,59.0,118.0,768.0,239.0,36.0,968.0,49.0,85.0,20.0,36.0
261.0,27.0,139.0,37.0,812.0,101.0,26.0,15.0,364.0,198.0,30.0,765.0,54.0,14.0,64.0,20.0,809.0,45.0,87.0,199.0,136.0,29.0,550.0,114.0,2.0,93.0,118.0,7.0,113.0,127.0,124.0,181.0,11.0,119.0,72.0,24.0,201.0,26.0,18.0,32.0,108.0,981.0,236.0,31.0,1037.0,47.0,67.0,26.0,34.0
275.0,31.0,193.0,13.0,853.0,124.0,29.0,5.0,384.0,170.0,54.0,836.0,70.0,17.0,135.0,9.0,837.0,47.0,93.0,189.0,177.0,38.0,571.0,132.0,5.0,94.0,81.0,6.0,49.0,108.0,84.0,210.0,7.0,117.0,62.0,26.0,213.0,9.0,18.0,52.0,131.0,1080.0,303.0,34.0,1032.0,61.0,52.0,15.0,38.0
335.0,25.0,224.0,22.0,909.0,137.0,43.0,14.0,587.0,190.0,72.0,923.0,102.0,17.0,98.0,25.0,1175.0,59.0,126.0,180.0,170.0,36.0,649.0,168.0,3.0,57.0,90.0,8.0,80.0,157.0,138.0,318.0,17.0,142.0,63.0,23.0,235.0,13.0,30.0,47.0,172.0,1314.0,291.0,34.0,1047.0,60.0,68.0,19.0,28.0
482.0,21.0,224.0,19.0,857.0,164.0,42.0,15.0,787.0,174.0,107.0,885.0,76.0,32.0,75.0,20.0,1108.0,62.0,93.0,219.0,210.0,30.0,822.0,203.0,4.0,105.0,109.0,6.0,103.0,181.0,171.0,295.0,19.0,143.0,43.0,16.0,236.0,11.0,40.0,53.0,183.0,1269.0,323.0,33.0,1227.0,86.0,48.0,40.0,19.0
647.0,38.0,193.0,35.0,639.0,147.0,21.0,30.0,781.0,178.0,99.0,853.0,75.0,20.0,64.0,49.0,1163.0,41.0,127.0,218.0,182.0,37.0,1093.0,210.0,9.0,63.0,98.0,6.0,72.0,165.0,176.0,242.0,14.0,167.0,50.0,9.0,208.0,14.0,54.0,48.0,338.0,1644.0,405.0,25.0,1425.0,56.0,52.0,31.0,29.0
916.0,35.0,217.0,74.0,946.0,230.0,52.0,32.0,1086.0,190.0,106.0,1116.0,151.0,30.0,99.0,71.0,1444.0,67.0,113.0,301.0,216.0,47.0,977.0,251.0,3.0,130.0,128.0,14.0,161.0,186.0,260.0,459.0,11.0,275.0,125.0,13.0,282.0,30.0,172.0,65.0,416.0,1692.0,480.0,52.0,1643.0,75.0,87.0,33.0,75.0
1480.0,32.0,281.0,94.0,905.0,300.0,51.0,47.0,1338.0,221.0,97.0,1529.0,246.0,57.0,194.0,109.0,1759.0,50.0,169.0,480.0,224.0,46.0,1483.0,238.0,5.0,92.0,102.0,20.0,172.0,170.0,380.0,1242.0,16.0,359.0,134.0,37.0,424.0,84.0,351.0,69.0,716.0,2229.0,494.0,49.0,2225.0,71.0,224.0,68.0,137.0
1595.0,62.0,344.0,142.0,920.0,402.0,62.0,67.0,1416.0,248.0,109.0,1995.0,458.0,86.0,205.0,141.0,2138.0,90.0,220.0,622.0,302.0,89.0,1537.0,282.0,5.0,97.0,155.0,41.0,126.0,225.0,506.0,1285.0,19.0,475.0,190.0,47.0,566.0,161.0,268.0,66.0,597.0,2524.0,603.0,95.0,3087.0,100.0,360.0,70.0,150.0
1508.0,46.0,424.0,197.0,1025.0,556.0,73.0,84.0,1320.0,232.0,131.0,2271.0,474.0,37.0,259.0,150.0,2096.0,136.0,331.0,907.0,379.0,140.0,1647.0,309.0,27.0,263.0,127.0,81.0,166.0,247.0,562.0,745.0,59.0,661.0,120.0,25.0,629.0,169.0,233.0,116.0,517.0,3327.0,772.0,119.0,4757.0,88.0,392.0,80.0,314.0
1263.0,81.0,446.0,134.0,957.0,483.0,61.0,112.0,1427.0,140.0,158.0,2227.0,492.0,89.0,347.0,239.0,2484.0,158.0,210.0,831.0,447.0,202.0,1794.0,397.0,9.0,272.0,212.0,59.0,250.0,482.0,475.0,797.0,54.0,438.0,285.0,62.0,642.0,150.0,138.0,87.0,406.0,2924.0,1198.0,121.0,6106.0,99.0,407.0,83.0,208.0
867.0,46.0,512.0,154.0,812.0,492.0,141.0,157.0,783.0,247.0,117.0,1903.0,349.0,112.0,415.0,273.0,2068.0,158.0,193.0,697.0,508.0,211.0,1353.0,325.0,20.0,321.0,281.0,90.0,268.0,408.0,397.0,761.0,74.0,466.0,271.0,63.0,539.0,130.0,120.0,106.0,556.0,3023.0,1282.0,128.0,5554.0,127.0,510.0,108.0,169.0
1074.0,49.0,649.0,301.0,1255.0,705.0,202.0,151.0,1014.0,367.0,171.0,2008.0,469.0,93.0,396.0,249.0,1967.0,213.0,397.0,753.0,696.0,188.0,1168.0,380.0,26.0,454.0,380.0,149.0,356.0,460.0,627.0,767.0,161.0,485.0,390.0,103.0,762.0,185.0,145.0,134.0,522.0,3518.0,1111.0,180.0,5990.0,173.0,685.0,147.0,336.0
799.0,56.0,934.0,293.0,1783.0,891.0,138.0,148.0,818.0,510.0,149.0,1790.0,545.0,116.0,513.0,405.0,1751.0,211.0,399.0,716.0,720.0,152.0,1014.0,403.0,36.0,412.0,476.0,107.0,399.0,484.0,647.0,695.0,125.0,488.0,386.0,120.0,892.0,166.0,104.0,133.0,322.0,3430.0,1087.0,203.0,4673.0,231.0,820.0,123.0,245.0
593.0,18.0,1046.0,231.0,2043.0,757.0,144.0,118.0,605.0,603.0,177.0,1500.0,326.0,115.0,473.0,338.0,1750.0,129.0,272.0,672.0,708.0,127.0,1037.0,407.0,29.0,398.0,553.0,55.0,348.0,557.0,621.0,475.0,77.0,386.0,398.0,150.0,608.0,89.0,70.0,121.0,175.0,3284.0,1060.0,194.0,2042.0,181.0,523.0,105.0,231.0
597.0,55.0,824.0,158.0,2349.0,687.0,128.0,78.0,651.0,531.0,173.0,1572.0,376.0,84.0,512.0,335.0,1592.0,120.0,243.0,605.0,493.0,125.0,959.0,381.0,40.0,305.0,297.0,40.0,231.0,481.0,468.0,451.0,58.0,298.0,403.0,123.0,486.0,113.0,70.0,130.0,306.0,2367.0,959.0,185.0,2730.0,174.0,412.0,112.0,176.0
511.0,36.0,730.0,91.0,1993.0,593.0,79.0,63.0,686.0,52.0,194.0,1381.0,346.0,60.0,458.0,238.0,1339.0,103.0,197.0,486.0,544.0,144.0,899.0,360.0,26.0,223.0,507.0,32.0,300.0,366.0,419.0,303.0,66.0,233.0,238.0,96.0,412.0,53.0,75.0,144.0,253.0,1822.0,848.0,166.0,2192.0,157.0,215.0,71.0,128.0
531.0,23.0,635.0,75.0,1746.0,434.0,55.0,42.0,636.0,44.0,146.0,1282.0,279.0,55.0,306.0,212.0,1102.0,75.0,198.0,444.0,466.0,121.0,785.0,253.0,8.0,197.0,504.0,21.0,242.0,338.0,540.0,254.0,105.0,218.0,200.0,89.0,507.0,47.0,80.0,103.0,363.0,1514.0,701.0,159.0,2264.0,114.0,203.0,71.0,122.0
393.0,21.0,490.0,45.0,1365.0,396.0,72.0,44.0,660.0,37.0,114.0,1064.0,287.0,32.0,221.0,216.0,1085.0,64.0,205.0,373.0,397.0,82.0,858.0,203.0,27.0,166.0,437.0,23.0,242.0,294.0,551.0,280.0,49.0,294.0,144.0,92.0,431.0,31.0,76.0,90.0,221.0,1247.0,630.0,94.0,2201.0,88.0,247.0,58.0,93.0
408.0,24.0,421.0,50.0,1354.0,331.0,69.0,28.0,674.0,54.0,41.0,1194.0,265.0,31.0,143.0,250.0,967.0,64.0,219.0,358.0,414.0,84.0,865.0,153.0,23.0,152.0,258.0,33.0,207.0,272.0,434.0,233.0,88.0,216.0,194.0,65.0,452.0,24.0,72.0,88.0,175.0,1272.0,528.0,110.0,2205.0,96.0,208.0,35.0,62.0
398.0,14.0,358.0,40.0,1399.0,262.0,55.0,30.0,754.0,61.0,33.0,1102.0,248.0,40.0,133.0,202.0,1015.0,50.0,235.0,365.0,350.0,78.0,933.0,182.0,21.0,101.0,186.0,15.0,129.0,199.0,369.0,238.0,73.0,134.0,140.0,29.0,350.0,28.0,103.0,81.0,287.0,1350.0,501.0,87.0,2266.0,80.0,238.0,52.0,42.0
397.0,14.0,281.0,41.0,1159.0,229.0,38.0,25.0,729.0,41.0,71.0,1073.0,220.0,21.0,76.0,193.0,940.0,52.0,232.0,387.0,443.0,87.0,920.0,142.0,36.0,121.0,214.0,14.0,143.0,214.0,378.0,236.0,82.0,154.0,127.0,47.0,387.0,41.0,70.0,87.0,166.0,1028.0,451.0,62.0,2011.0,47.0,205.0,28.0,29.0
427.0,12.0,239.0,23.0,1017.0,156.0,34.0,22.0,590.0,40.0,67.0,1039.0,196.0,6.0,54.0,163.0,868.0,46.0,147.0,366.0,374.0,37.0,740.0,123.0,11.0,94.0,92.0,25.0,116.0,158.0,289.0,162.0,67.0,105.0,98.0,18.0,296.0,24.0,101.0,75.0,153.0,1042.0,364.0,55.0,1877.0,31.0,187.0,36.0,29.0
229.0,14.0,166.0,26.0,871.0,147.0,28.0,16.0,572.0,22.0,39.0,954.0,139.0,13.0,40.0,167.0,940.0,58.0,217.0,411.0,300.0,47.0,636.0,105.0,17.0,87.0,137.0,15.0,118.0,129.0,179.0,243.0,55.0,97.0,71.0,15.0,222.0,37.0,95.0,72.0,144.0,913.0,330.0,67.0,1606.0,41.0,238.0,28.0,18.0
225.0,5.0,180.0,10.0,715.0,133.0,27.0,12.0,480.0,20.0,17.0,932.0,111.0,12.0,30.0,72.0,943.0,76.0,92.0,433.0,255.0,32.0,620.0,83.0,3.0,71.0,107.0,14.0,99.0,120.0,173.0,188.0,52.0,104.0,68.0,25.0,226.0,34.0,57.0,53.0,107.0,806.0,339.0,74.0,1406.0,49.0,143.0,22.0,18.0
129.0,11.0,188.0,11.0,687.0,112.0,25.0,5.0,327.0,47.0,11.0,746.0,97.0,7.0,35.0,70.0,771.0,63.0,153.0,441.0,251.0,40.0,550.0,83.0,6.0,52.0,91.0,28.0,84.0,104.0,162.0,161.0,48.0,74.0,38.0,9.0,179.0,35.0,50.0,40.0,95.0,835.0,280.0,86.0,1219.0,31.0,123.0,34.0,16.0
110.0,22.0,151.0,6.0,609.0,116.0,26.0,8.0,270.0,30.0,10.0,724.0,73.0,9.0,10.0,22.0,577.0,36.0,99.0,300.0,221.0,54.0,445.0,63.0,1.0,66.0,62.0,4.0,32.0,125.0,183.0,143.0,63.0,62.0,57.0,8.0,154.0,29.0,26.0,41.0,51.0,847.0,232.0,63.0,852.0,25.0,58.0,22.0,11.0
67.0,12.0,168.0,9.0,600.0,122.0,25.0,1.0,175.0,42.0,16.0,705.0,58.0,3.0,13.0,19.0,603.0,55.0,93.0,236.0,203.0,32.0,410.0,85.0,5.0,64.0,74.0,4.0,74.0,114.0,146.0,98.0,54.0,50.0,76.0,7.0,135.0,26.0,23.0,34.0,52.0,745.0,264.0,44.0,761.0,26.0,50.0,15.0,2.0
72.0,5.0,186.0,4.0,561.0,130.0,27.0,0.0,152.0,37.0,12.0,678.0,29.0,6.0,18.0,17.0,593.0,44.0,92.0,253.0,120.0,39.0,367.0,65.0,0.0,52.0,73.0,5.0,80.0,104.0,115.0,34.0,55.0,45.0,24.0,10.0,126.0,17.0,9.0,31.0,27.0,670.0,274.0,44.0,727.0,31.0,38.0,11.0,6.0
65.0,2.0,126.0,1.0,528.0,126.0,11.0,0.0,200.0,46.0,4.0,664.0,36.0,5.0,15.0,3.0,642.0,40.0,87.0,242.0,166.0,22.0,393.0,57.0,0.0,41.0,68.0,0.0,64.0,117.0,100.0,21.0,41.0,32.0,16.0,2.0,111.0,15.0,14.0,16.0,16.0,702.0,261.0,35.0,679.0,17.0,33.0,7.0,8.0
43.0,7.0,109.0,2.0,545.0,103.0,6.0,0.0,158.0,34.0,6.0,647.0,30.0,1.0,13.0,4.0,714.0,26.0,70.0,205.0,130.0,26.0,383.0,34.0,1.0,44.0,88.0,1.0,71.0,100.0,84.0,81.0,24.0,16.0,9.0,6.0,87.0,0.0,10.0,6.0,10.0,680.0,259.0,36.0,570.0,17.0,34.0,6.0,1.0
67.0,11.0,93.0,1.0,495.0,104.0,6.0,0.0,154.0,14.0,14.0,526.0,25.0,0.0,8.0,0.0,539.0,45.0,40.0,152.0,150.0,27.0,350.0,42.0,2.0,48.0,54.0,1.0,55.0,108.0,62.0,53.0,25.0,24.0,4.0,6.0,91.0,0.0,5.0,1.0,7.0,598.0,255.0,44.0,585.0,13.0,22.0,5.0,2.0
41.0,3.0,87.0,1.0,390.0,78.0,4.0,0.0,139.0,23.0,0.0,531.0,20.0,0.0,13.0,1.0,508.0,38.0,86.0,142.0,162.0,19.0,343.0,40.0,0.0,30.0,62.0,0.0,49.0,40.0,88.0,5.0,23.0,31.0,0.0,3.0,86.0,0.0,16.0,3.0,6.0,585.0,288.0,32.0,585.0,18.0,17.0,9.0,8.0
31.0,3.0,95.0,0.0,454.0,76.0,0.0,0.0,98.0,22.0,1.0,585.0,22.0,0.0,9.0,1.0,383.0,45.0,53.0,128.0,159.0,24.0,254.0,6.0,5.0,5.0,57.0,1.0,44.0,70.0,76.0,2.0,29.0,19.0,3.0,9.0,78.0,0.0,6.0,2.0,4.0,545.0,238.0,41.0,494.0,21.0,18.0,4.0,0.0
34.0,2.0,97.0,0.0,433.0,98.0,0.0,0.0,91.0,30.0,1.0,499.0,25.0,0.0,7.0,7.0,362.0,42.0,74.0,169.0,112.0,24.0,295.0,6.0,1.0,3.0,18.0,1.0,49.0,73.0,68.0,0.0,31.0,17.0,2.0,8.0,70.0,1.0,3.0,0.0,10.0,510.0,201.0,35.0,501.0,21.0,16.0,10.0,3.0
44.0,1.0,76.0,2.0,407.0,67.0,0.0,0.0,84.0,15.0,1.0,473.0,11.0,0.0,7.0,1.0,392.0,39.0,91.0,134.0,166.0,4.0,250.0,7.0,3.0,8.0,67.0,0.0,57.0,61.0,46.0,32.0,19.0,28.0,2.0,2.0,57.0,1.0,4.0,1.0,7.0,644.0,214.0,23.0,481.0,19.0,14.0,6.0,1.0
30.0,0.0,74.0,4.0,355.0,84.0,0.0,0.0,70.0,15.0,2.0,428.0,16.0,0.0,6.0,4.0,306.0,39.0,78.0,146.0,154.0,22.0,244.0,2.0,1.0,4.0,48.0,2.0,54.0,46.0,53.0,2.0,25.0,24.0,2.0,2.0,53.0,0.0,4.0,3.0,3.0,569.0,169.0,23.0,430.0,10.0,10.0,5.0,1.0
14.0,0.0,58.0,0.0,288.0,57.0,0.0,0.0,82.0,7.0,0.0,370.0,19.0,0.0,5.0,1.0,332.0,41.0,67.0,112.0,143.0,33.0,205.0,1.0,0.0,2.0,41.0,2.0,2.0,60.0,45.0,30.0,27.0,7.0,10.0,0.0,42.0,0.0,1.0,1.0,0.0,508.0,131.0,19.0,399.0,10.0,11.0,15.0,1.0
19.0,3.0,56.0,0.0,334.0,80.0,0.0,0.0,59.0,7.0,3.0,418.0,14.0,1.0,3.0,3.0,287.0,41.0,18.0,126.0,141.0,18.0,202.0,1.0,0.0,3.0,10.0,2.0,40.0,56.0,48.0,0.0,17.0,23.0,6.0,3.0,61.0,2.0,1.0,0.0,1.0,547.0,147.0,25.0,391.0,12.0,6.0,8.0,0.0
23.0,4.0,61.0,2.0,325.0,72.0,0.0,0.0,57.0,6.0,1.0,344.0,15.0,0.0,5.0,3.0,223.0,33.0,60.0,133.0,125.0,18.0,203.0,2.0,0.0,4.0,22.0,1.0,39.0,57.0,40.0,0.0,26.0,6.0,4.0,1.0,41.0,0.0,0.0,1.0,1.0,522.0,144.0,20.0,359.0,16.0,14.0,3.0,2.0
25.0,3.0,73.0,0.0,324.0,95.0,0.0,0.0,81.0,7.0,0.0,366.0,10.0,0.0,2.0,5.0,263.0,32.0,62.0,102.0,113.0,26.0,228.0,0.0,1.0,8.0,40.0,0.0,28.0,47.0,56.0,35.0,33.0,13.0,4.0,4.0,40.0,0.0,1.0,1.0,2.0,469.0,188.0,32.0,332.0,11.0,17.0,5.0,0.0
32.0,1.0,77.0,1.0,299.0,77.0,0.0,0.0,67.0,7.0,0.0,332.0,13.0,0.0,2.0,1.0,108.0,30.0,57.0,116.0,82.0,23.0,240.0,2.0,0.0,4.0,23.0,1.0,41.0,71.0,30.0,0.0,16.0,26.0,1.0,4.0,48.0,0.0,3.0,0.0,2.0,518.0,162.0,25.0,264.0,5.0,11.0,7.0,2.0
26.0,6.0,101.0,1.0,299.0,91.0,0.0,0.0,81.0,2.0,2.0,321.0,10.0,0.0,4.0,7.0,320.0,34.0,61.0,115.0,86.0,18.0,227.0,2.0,0.0,58.0,17.0,1.0,60.0,70.0,40.0,23.0,0.0,9.0,6.0,3.0,51.0,0.0,1.0,1.0,2.0,425.0,168.0,23.0,330.0,7.0,18.0,6.0,7.0
24.0,5.0,109.0,1.0,285.0,93.0,0.0,0.0,97.0,8.0,0.0,385.0,25.0,0.0,5.0,6.0,352.0,29.0,65.0,101.0,75.0,31.0,231.0,3.0,0.0,47.0,28.0,1.0,35.0,57.0,27.0,39.0,0.0,22.0,4.0,0.0,53.0,0.0,1.0,2.0,5.0,491.0,123.0,29.0,367.0,8.0,19.0,7.0,6.0
33.0,3.0,66.0,1.0,294.0,98.0,1.0,0.0,143.0,8.0,1.0,363.0,18.0,0.0,4.0,8.0,398.0,19.0,80.0,121.0,78.0,30.0,371.0,4.0,0.0,46.0,22.0,2.0,35.0,86.0,34.0,36.0,0.0,25.0,20.0,0.0,41.0,0.0,1.0,1.0,10.0,542.0,124.0,21.0,155.0,11.0,16.0,6.0,0.0
37.0,4.0,113.0,1.0,389.0,0.0,0.0,0.0,147.0,11.0,1.0,383.0,27.0,0.0,9.0,8.0,501.0,33.0,63.0,97.0,106.0,31.0,399.0,3.0,0.0,8.0,24.0,0.0,44.0,73.0,33.0,3.0,0.0,29.0,11.0,0.0,44.0,0.0,4.0,3.0,17.0,741.0,155.0,32.0,415.0,9.0,29.0,7.0,2.0
64.0,5.0,80.0,2.0,354.0,128.0,3.0,0.0,187.0,13.0,0.0,439.0,34.0,2.0,11.0,7.0,512.0,23.0,75.0,22.0,107.0,4.0,393.0,10.0,0.0,49.0,39.0,3.0,33.0,78.0,26.0,28.0,0.0,29.0,43.0,1.0,51.0,2.0,5.0,5.0,5.0,908.0,147.0,24.0,673.0,6.0,29.0,12.0,3.0
65.0,9.0,81.0,4.0,440.0,124.0,1.0,0.0,217.0,21.0,3.0,560.0,30.0,1.0,6.0,12.0,545.0,23.0,75.0,105.0,116.0,4.0,415.0,13.0,0.0,77.0,41.0,1.0,60.0,86.0,30.0,30.0,1.0,30.0,28.0,1.0,89.0,5.0,8.0,1.0,16.0,1129.0,7.0,30.0,687.0,11.0,46.0,8.0,5.0
56.0,15.0,77.0,12.0,451.0,125.0,6.0,0.0,239.0,18.0,1.0,578.0,44.0,0.0,10.0,6.0,607.0,9.0,67.0,137.0,142.0,2.0,350.0,14.0,1.0,56.0,30.0,1.0,79.0,109.0,29.0,12.0,0.0,22.0,27.0,3.0,86.0,4.0,5.0,14.0,18.0,1181.0,14.0,38.0,862.0,11.0,39.0,18.0,3.0
132.0,9.0,82.0,0.0,530.0,123.0,59.0,0.0,242.0,26.0,3.0,562.0,43.0,52.0,10.0,12.0,628.0,11.0,72.0,131.0,143.0,4.0,378.0,11.0,0.0,70.0,6.0,2.0,53.0,144.0,24.0,59.0,0.0,58.0,30.0,7.0,78.0,2.0,5.0,20.0,27.0,1256.0,106.0,60.0,796.0,18.0,71.0,18.0,5.0
201.0,13.0,230.0,66.0,633.0,142.0,47.0,15.0,380.0,18.0,17.0,859.0,90.0,62.0,24.0,49.0,596.0,52.0,57.0,196.0,182.0,12.0,415.0,85.0,2.0,11.0,91.0,4.0,162.0,207.0,88.0,64.0,1.0,57.0,87.0,3.0,137.0,6.0,14.0,40.0,30.0,954.0,200.0,63.0,914.0,40.0,55.0,30.0,23.0
217.0,15.0,291.0,73.0,744.0,135.0,58.0,1.0,333.0,33.0,17.0,932.0,88.0,71.0,42.0,35.0,723.0,34.0,95.0,227.0,193.0,33.0,491.0,104.0,3.0,19.0,124.0,4.0,179.0,204.0,81.0,151.0,1.0,96.0,75.0,6.0,142.0,7.0,22.0,53.0,26.0,1078.0,267.0,61.0,846.0,35.0,75.0,45.0,33.0
243.0,14.0,302.0,72.0,687.0,110.0,71.0,20.0,355.0,37.0,24.0,937.0,94.0,77.0,42.0,58.0,708.0,48.0,103.0,238.0,216.0,24.0,615.0,79.0,2.0,19.0,114.0,2.0,160.0,183.0,85.0,124.0,1.0,78.0,85.0,18.0,120.0,6.0,24.0,33.0,30.0,1087.0,229.0,56.0,984.0,33.0,62.0,32.0,16.0
452.0,14.0,249.0,76.0,744.0,171.0,54.0,42.0,418.0,37.0,9.0,1036.0,102.0,83.0,72.0,83.0,912.0,40.0,101.0,224.0,189.0,57.0,664.0,98.0,0.0,23.0,124.0,6.0,209.0,210.0,118.0,132.0,3.0,87.0,93.0,15.0,147.0,12.0,36.0,33.0,27.0,1102.0,308.0,55.0,1032.0,43.0,87.0,41.0,23.0
435.0,10.0,303.0,104.0,828.0,117.0,80.0,30.0,512.0,36.0,15.0,1072.0,98.0,106.0,71.0,111.0,832.0,16.0,93.0,230.0,201.0,65.0,664.0,80.0,2.0,11.0,135.0,8.0,204.0,214.0,112.0,140.0,9.0,93.0,94.0,20.0,143.0,22.0,37.0,39.0,33.0,1118.0,451.0,47.0,1105.0,40.0,79.0,46.0,29.0
509.0,13.0,327.0,88.0,977.0,154.0,79.0,33.0,557.0,42.0,12.0,1069.0,113.0,97.0,88.0,120.0,945.0,17.0,100.0,252.0,228.0,45.0,835.0,86.0,1.0,19.0,178.0,13.0,201.0,216.0,138.0,144.0,3.0,98.0,123.0,12.0,139.0,10.0,30.0,48.0,44.0,1202.0,458.0,63.0,1046.0,28.0,103.0,50.0,33.0
506.0,9.0,293.0,79.0,888.0,132.0,53.0,35.0,580.0,36.0,27.0,1060.0,111.0,69.0,54.0,97.0,1035.0,38.0,120.0,265.0,252.0,20.0,889.0,95.0,5.0,25.0,164.0,9.0,195.0,248.0,130.0,168.0,1.0,118.0,141.0,18.0,141.0,7.0,21.0,64.0,56.0,1649.0,376.0,68.0,1107.0,29.0,127.0,36.0,19.0
585.0,9.0,377.0,91.0,868.0,169.0,21.0,27.0,742.0,46.0,21.0,1095.0,98.0,72.0,98.0,67.0,886.0,21.0,102.0,250.0,213.0,17.0,948.0,103.0,4.0,17.0,193.0,11.0,178.0,264.0,142.0,153.0,4.0,110.0,137.0,18.0,118.0,18.0,70.0,54.0,94.0,1975.0,682.0,64.0,1235.0,23.0,85.0,49.0,40.0
398.0,6.0,284.0,75.0,702.0,127.0,13.0,26.0,691.0,20.0,21.0,1012.0,97.0,50.0,63.0,30.0,1250.0,41.0,99.0,226.0,241.0,43.0,907.0,90.0,3.0,17.0,216.0,5.0,144.0,201.0,118.0,145.0,11.0,103.0,78.0,8.0,85.0,10.0,43.0,61.0,69.0,1576.0,671.0,40.0,1191.0,34.0,113.0,31.0,21.0
939.0,11.0,378.0,103.0,970.0,276.0,30.0,41.0,913.0,36.0,15.0,1371.0,117.0,82.0,91.0,114.0,1527.0,43.0,127.0,256.0,308.0,56.0,1127.0,150.0,13.0,19.0,237.0,5.0,227.0,220.0,173.0,218.0,5.0,113.0,121.0,25.0,164.0,22.0,124.0,66.0,176.0,2492.0,461.0,84.0,1449.0,41.0,136.0,44.0,39.0
854.0,25.0,366.0,72.0,1080.0,316.0,22.0,23.0,868.0,46.0,27.0,1337.0,147.0,88.0,113.0,101.0,1830.0,50.0,105.0,360.0,288.0,46.0,1085.0,173.0,11.0,21.0,281.0,7.0,119.0,270.0,174.0,199.0,26.0,122.0,176.0,30.0,157.0,14.0,96.0,62.0,172.0,2797.0,518.0,56.0,1460.0,47.0,126.0,71.0,34.0
892.0,62.0,496.0,126.0,1137.0,443.0,22.0,43.0,1218.0,43.0,69.0,1627.0,235.0,131.0,171.0,164.0,1378.0,49.0,90.0,359.0,371.0,94.0,1203.0,308.0,10.0,30.0,451.0,4.0,178.0,382.0,193.0,276.0,34.0,136.0,193.0,39.0,177.0,10.0,133.0,86.0,282.0,4616.0,1104.0,83.0,1884.0,48.0,168.0,46.0,54.0
755.0,104.0,381.0,161.0,1107.0,468.0,23.0,32.0,1165.0,15.0,165.0,1920.0,305.0,104.0,276.0,229.0,3034.0,28.0,153.0,340.0,292.0,95.0,1141.0,342.0,34.0,24.0,658.0,12.0,189.0,440.0,259.0,300.0,56.0,182.0,202.0,62.0,231.0,12.0,105.0,86.0,335.0,3594.0,985.0,98.0,2532.0,51.0,201.0,42.0,71.0
808.0,78.0,470.0,197.0,1397.0,512.0,11.0,32.0,961.0,25.0,239.0,1995.0,223.0,139.0,299.0,373.0,3234.0,39.0,206.0,326.0,370.0,127.0,1296.0,351.0,52.0,35.0,644.0,11.0,219.0,642.0,258.0,414.0,49.0,239.0,239.0,91.0,222.0,23.0,103.0,109.0,361.0,3415.0,656.0,99.0,3040.0,71.0,370.0,40.0,103.0
598.0,76.0,575.0,257.0,1866.0,571.0,27.0,53.0,735.0,61.0,232.0,1716.0,208.0,174.0,299.0,325.0,2246.0,57.0,209.0,396.0,427.0,109.0,1076.0,260.0,40.0,45.0,627.0,31.0,318.0,664.0,278.0,364.0,44.0,243.0,331.0,141.0,243.0,56.0,116.0,131.0,525.0,3160.0,673.0,122.0,3099.0,127.0,505.0,57.0,116.0
451.0,48.0,844.0,309.0,1903.0,488.0,26.0,64.0,637.0,51.0,138.0,1712.0,263.0,214.0,384.0,349.0,1962.0,71.0,261.0,547.0,424.0,130.0,914.0,264.0,25.0,52.0,500.0,40.0,323.0,625.0,450.0,592.0,52.0,298.0,302.0,124.0,335.0,84.0,72.0,104.0,573.0,2495.0,575.0,93.0,3513.0,117.0,593.0,59.0,145.0
576.0,39.0,874.0,285.0,2005.0,424.0,66.0,60.0,472.0,70.0,85.0,1538.0,274.0,186.0,350.0,235.0,1456.0,96.0,170.0,445.0,383.0,156.0,873.0,244.0,14.0,65.0,384.0,48.0,185.0,532.0,459.0,498.0,47.0,264.0,362.0,82.0,366.0,52.0,89.0,112.0,392.0,2046.0,529.0,182.0,3127.0,117.0,533.0,86.0,123.0
467.0,42.0,906.0,321.0,1813.0,377.0,162.0,66.0,457.0,80.0,81.0,1240.0,240.0,161.0,314.0,272.0,1427.0,106.0,242.0,478.0,349.0,121.0,663.0,257.0,4.0,55.0,427.0,26.0,288.0,542.0,574.0,382.0,29.0,250.0,340.0,49.0,352.0,71.0,85.0,129.0,316.0,1920.0,435.0,161.0,2599.0,82.0,354.0,64.0,106.0
437.0,33.0,740.0,169.0,1628.0,357.0,167.0,72.0,343.0,91.0,61.0,1120.0,198.0,141.0,176.0,190.0,1250.0,99.0,282.0,525.0,366.0,107.0,698.0,162.0,14.0,50.0,351.0,33.0,325.0,426.0,586.0,308.0,41.0,176.0,327.0,42.0,291.0,83.0,58.0,113.0,301.0,1774.0,431.0,129.0,2146.0,78.0,270.0,138.0,78.0
230.0,33.0,705.0,156.0,1357.0,292.0,115.0,51.0,205.0,96.0,39.0,1146.0,156.0,133.0,158.0,156.0,1026.0,96.0,190.0,466.0,325.0,106.0,635.0,148.0,4.0,31.0,279.0,14.0,286.0,385.0,449.0,240.0,17.0,209.0,137.0,26.0,260.0,65.0,39.0,110.0,210.0,1659.0,435.0,112.0,2070.0,69.0,273.0,110.0,64.0
239.0,12.0,578.0,116.0,1176.0,236.0,118.0,45.0,188.0,127.0,47.0,1182.0,152.0,114.0,153.0,172.0,920.0,93.0,144.0,353.0,376.0,121.0,533.0,127.0,8.0,20.0,188.0,22.0,261.0,360.0,304.0,244.0,36.0,154.0,219.0,31.0,268.0,40.0,37.0,112.0,145.0,1713.0,456.0,76.0,2043.0,67.0,257.0,135.0,80.0
223.0,20.0,581.0,86.0,1165.0,263.0,100.0,48.0,234.0,115.0,44.0,1186.0,152.0,102.0,142.0,103.0,757.0,81.0,160.0,372.0,292.0,98.0,541.0,126.0,4.0,15.0,203.0,13.0,297.0,282.0,271.0,235.0,9.0,186.0,170.0,17.0,247.0,29.0,13.0,93.0,148.0,1677.0,391.0,77.0,1712.0,28.0,206.0,171.0,53.0
204.0,22.0,446.0,67.0,1034.0,223.0,90.0,39.0,168.0,98.0,65.0,1033.0,116.0,80.0,102.0,55.0,881.0,83.0,116.0,366.0,306.0,109.0,540.0,100.0,11.0,26.0,176.0,11.0,278.0,250.0,296.0,187.0,13.0,161.0,140.0,18.0,192.0,32.0,18.0,123.0,150.0,1555.0,339.0,66.0,1638.0,35.0,163.0,145.0,51.0
163.0,6.0,352.0,56.0,882.0,215.0,28.0,30.0,160.0,74.0,25.0,1101.0,95.0,80.0,127.0,37.0,716.0,58.0,108.0,349.0,319.0,90.0,284.0,117.0,0.0,29.0,184.0,16.0,290.0,233.0,277.0,145.0,16.0,121.0,142.0,15.0,192.0,32.0,23.0,60.0,94.0,1323.0,388.0,62.0,1412.0,29.0,122.0,128.0,31.0
131.0,17.0,356.0,42.0,892.0,163.0,74.0,31.0,153.0,40.0,29.0,975.0,117.0,76.0,66.0,31.0,792.0,55.0,114.0,412.0,312.0,94.0,392.0,93.0,3.0,20.0,164.0,11.0,295.0,222.0,338.0,164.0,7.0,109.0,109.0,19.0,195.0,51.0,17.0,48.0,109.0,1386.0,409.0,62.0,1424.0,28.0,115.0,124.0,15.0
105.0,19.0,317.0,20.0,685.0,140.0,80.0,39.0,182.0,40.0,10.0,1126.0,77.0,57.0,46.0,43.0,627.0,61.0,107.0,399.0,266.0,90.0,356.0,81.0,1.0,12.0,151.0,5.0,340.0,224.0,471.0,142.0,14.0,111.0,102.0,14.0,192.0,43.0,20.0,58.0,119.0,1338.0,349.0,62.0,1324.0,28.0,71.0,119.0,9.0
81.0,19.0,259.0,25.0,672.0,144.0,86.0,43.0,167.0,37.0,44.0,1158.0,78.0,54.0,56.0,44.0,711.0,67.0,133.0,493.0,246.0,95.0,393.0,103.0,6.0,17.0,126.0,13.0,319.0,208.0,460.0,133.0,6.0,107.0,92.0,15.0,254.0,80.0,19.0,45.0,40.0,1277.0,366.0,86.0,1342.0,27.0,87.0,97.0,8.0
85.0,13.0,293.0,24.0,655.0,160.0,158.0,36.0,99.0,35.0,37.0,1181.0,49.0,70.0,38.0,29.0,727.0,67.0,139.0,547.0,187.0,62.0,343.0,62.0,1.0,18.0,142.0,17.0,288.0,227.0,501.0,143.0,6.0,119.0,102.0,17.0,216.0,110.0,20.0,49.0,43.0,1343.0,323.0,77.0,1331.0,22.0,89.0,133.0,6.0
115.0,18.0,325.0,17.0,611.0,144.0,152.0,6.0,106.0,35.0,42.0,1006.0,50.0,62.0,33.0,29.0,699.0,53.0,91.0,415.0,145.0,58.0,349.0,59.0,1.0,13.0,152.0,15.0,212.0,195.0,321.0,188.0,2.0,82.0,80.0,12.0,157.0,93.0,11.0,44.0,17.0,1204.0,263.0,61.0,1039.0,29.0,56.0,139.0,8.0
138.0,17.0,273.0,27.0,602.0,129.0,116.0,2.0,143.0,40.0,53.0,1093.0,50.0,66.0,38.0,34.0,603.0,57.0,101.0,325.0,120.0,74.0,278.0,62.0,2.0,10.0,95.0,10.0,233.0,224.0,232.0,113.0,5.0,83.0,71.0,11.0,134.0,75.0,8.0,52.0,20.0,1128.0,314.0,46.0,962.0,29.0,62.0,121.0,12.0
105.0,13.0,292.0,23.0,562.0,146.0,86.0,1.0,105.0,29.0,39.0,956.0,63.0,55.0,33.0,24.0,522.0,48.0,81.0,288.0,152.0,83.0,290.0,51.0,1.0,5.0,129.0,4.0,220.0,186.0,253.0,135.0,1.0,79.0,77.0,10.0,118.0,52.0,12.0,49.0,14.0,963.0,267.0,36.0,992.0,17.0,69.0,113.0,7.0
119.0,20.0,311.0,15.0,551.0,3.0,73.0,0.0,95.0,29.0,39.0,1055.0,49.0,41.0,29.0,9.0,602.0,46.0,69.0,295.0,138.0,66.0,304.0,61.0,2.0,11.0,110.0,12.0,256.0,167.0,216.0,125.0,0.0,54.0,47.0,18.0,142.0,30.0,11.0,77.0,14.0,982.0,312.0,34.0,968.0,25.0,39.0,140.0,4.0
119.0,3.0,286.0,21.0,569.0,8.0,24.0,0.0,88.0,34.0,59.0,808.0,82.0,39.0,25.0,3.0,612.0,55.0,78.0,258.0,140.0,62.0,219.0,39.0,0.0,7.0,133.0,4.0,245.0,157.0,201.0,85.0,4.0,28.0,80.0,11.0,123.0,10.0,4.0,55.0,10.0,978.0,317.0,39.0,890.0,15.0,44.0,119.0,4.0
115.0,11.0,263.0,9.0,563.0,5.0,0.0,0.0,60.0,46.0,11.0,794.0,30.0,40.0,8.0,1.0,593.0,37.0,93.0,209.0,126.0,83.0,361.0,43.0,1.0,9.0,141.0,1.0,157.0,158.0,148.0,90.0,5.0,36.0,9.0,10.0,128.0,8.0,8.0,42.0,12.0,1028.0,322.0,34.0,911.0,21.0,43.0,109.0,11.0
73.0,5.0,226.0,9.0,454.0,4.0,0.0,0.0,67.0,40.0,6.0,757.0,19.0,48.0,13.0,3.0,555.0,31.0,41.0,161.0,108.0,4.0,339.0,41.0,0.0,7.0,136.0,0.0,168.0,130.0,90.0,67.0,0.0,32.0,12.0,5.0,112.0,2.0,6.0,33.0,6.0,896.0,283.0,28.0,873.0,11.0,29.0,3.0,2.0
92.0,9.0,166.0,1.0,531.0,11.0,0.0,1.0,57.0,17.0,0.0,761.0,23.0,42.0,4.0,3.0,463.0,44.0,44.0,192.0,127.0,49.0,301.0,1.0,2.0,10.0,115.0,1.0,170.0,104.0,116.0,86.0,1.0,39.0,7.0,4.0,125.0,3.0,3.0,20.0,7.0,879.0,12.0,33.0,774.0,14.0,19.0,3.0,4.0
83.0,1.0,146.0,6.0,508.0,13.0,0.0,1.0,36.0,35.0,0.0,678.0,22.0,41.0,7.0,1.0,476.0,31.0,38.0,187.0,111.0,32.0,283.0,3.0,1.0,3.0,107.0,0.0,154.0,69.0,144.0,66.0,1.0,22.0,5.0,7.0,104.0,0.0,1.0,30.0,6.0,784.0,209.0,18.0,720.0,15.0,25.0,11.0,5.0
56.0,2.0,132.0,1.0,458.0,17.0,0.0,2.0,1.0,15.0,0.0,660.0,17.0,50.0,9.0,1.0,438.0,28.0,35.0,167.0,116.0,31.0,217.0,1.0,1.0,9.0,79.0,1.0,131.0,78.0,126.0,67.0,1.0,21.0,2.0,3.0,67.0,2.0,2.0,23.0,4.0,678.0,0.0,26.0,691.0,14.0,38.0,8.0,5.0
58.0,0.0,126.0,1.0,473.0,20.0,0.0,0.0,1.0,39.0,0.0,461.0,29.0,31.0,1.0,0.0,404.0,26.0,21.0,186.0,90.0,34.0,241.0,1.0,1.0,6.0,79.0,1.0,120.0,67.0,96.0,39.0,0.0,23.0,4.0,1.0,92.0,1.0,1.0,37.0,3.0,657.0,168.0,19.0,618.0,12.0,27.0,9.0,4.0
46.0,1.0,104.0,1.0,405.0,18.0,1.0,0.0,11.0,18.0,0.0,347.0,12.0,34.0,2.0,4.0,423.0,27.0,34.0,165.0,93.0,25.0,230.0,1.0,0.0,8.0,93.0,3.0,74.0,60.0,90.0,34.0,0.0,23.0,5.0,4.0,57.0,2.0,0.0,13.0,4.0,544.0,173.0,18.0,665.0,5.0,24.0,4.0,3.0
46.0,0.0,130.0,3.0,402.0,9.0,0.0,0.0,13.0,25.0,0.0,392.0,19.0,41.0,5.0,2.0,400.0,15.0,23.0,140.0,28.0,34.0,208.0,1.0,0.0,4.0,62.0,0.0,85.0,51.0,69.0,37.0,0.0,19.0,3.0,5.0,85.0,2.0,3.0,24.0,3.0,634.0,154.0,14.0,543.0,9.0,15.0,3.0,2.0
47.0,4.0,157.0,2.0,382.0,12.0,0.0,0.0,19.0,23.0,0.0,351.0,5.0,36.0,7.0,1.0,355.0,11.0,33.0,142.0,42.0,26.0,214.0,2.0,0.0,7.0,60.0,0.0,96.0,100.0,84.0,40.0,0.0,18.0,1.0,3.0,56.0,2.0,3.0,22.0,2.0,564.0,117.0,26.0,548.0,7.0,26.0,12.0,2.0
54.0,0.0,142.0,1.0,325.0,7.0,0.0,0.0,13.0,24.0,0.0,343.0,8.0,37.0,5.0,0.0,344.0,30.0,23.0,135.0,47.0,13.0,226.0,3.0,0.0,7.0,51.0,0.0,77.0,91.0,69.0,29.0,1.0,27.0,4.0,0.0,61.0,2.0,0.0,34.0,2.0,496.0,184.0,21.0,486.0,6.0,18.0,9.0,3.0
41.0,1.0,126.0,0.0,339.0,10.0,1.0,0.0,22.0,11.0,0.0,331.0,23.0,34.0,10.0,0.0,439.0,33.0,17.0,110.0,46.0,24.0,181.0,6.0,0.0,7.0,34.0,0.0,66.0,85.0,83.0,28.0,1.0,26.0,2.0,2.0,92.0,0.0,3.0,29.0,7.0,532.0,126.0,24.0,494.0,15.0,11.0,8.0,8.0
68.0,0.0,134.0,2.0,267.0,12.0,0.0,0.0,24.0,10.0,0.0,338.0,24.0,34.0,12.0,1.0,435.0,33.0,20.0,112.0,67.0,17.0,223.0,5.0,0.0,6.0,34.0,0.0,77.0,103.0,60.0,36.0,0.0,20.0,16.0,2.0,41.0,0.0,0.0,32.0,9.0,452.0,138.0,20.0,483.0,8.0,16.0,12.0,8.0
87.0,0.0,150.0,1.0,242.0,16.0,0.0,0.0,34.0,18.0,0.0,351.0,19.0,0.0,7.0,0.0,474.0,32.0,21.0,124.0,58.0,36.0,300.0,5.0,0.0,8.0,47.0,0.0,56.0,98.0,58.0,26.0,1.0,20.0,16.0,1.0,72.0,0.0,0.0,31.0,4.0,469.0,174.0,24.0,533.0,7.0,25.0,3.0,2.0
111.0,3.0,162.0,0.0,291.0,18.0,0.0,0.0,39.0,10.0,0.0,410.0,23.0,40.0,3.0,0.0,499.0,25.0,22.0,105.0,41.0,23.0,379.0,2.0,0.0,13.0,42.0,0.0,62.0,101.0,50.0,32.0,0.0,18.0,4.0,0.0,68.0,19.0,0.0,35.0,15.0,536.0,158.0,20.0,578.0,10.0,29.0,8.0,4.0
122.0,0.0,178.0,2.0,357.0,26.0,1.0,0.0,30.0,15.0,0.0,362.0,23.0,57.0,12.0,1.0,607.0,26.0,27.0,110.0,62.0,21.0,354.0,1.0,0.0,12.0,74.0,2.0,63.0,152.0,66.0,31.0,0.0,25.0,16.0,2.0,74.0,12.0,2.0,34.0,15.0,551.0,172.0,17.0,580.0,4.0,43.0,12.0,1.0
120.0,0.0,183.0,3.0,348.0,12.0,1.0,0.0,34.0,30.0,0.0,559.0,29.0,0.0,14.0,0.0,701.0,33.0,38.0,125.0,32.0,44.0,311.0,2.0,0.0,9.0,57.0,1.0,67.0,126.0,36.0,32.0,2.0,34.0,22.0,0.0,90.0,3.0,4.0,33.0,16.0,583.0,14.0,18.0,700.0,10.0,55.0,15.0,7.0
118.0,0.0,220.0,3.0,481.0,19.0,1.0,2.0,61.0,38.0,0.0,984.0,32.0,68.0,21.0,4.0,734.0,30.0,33.0,139.0,59.0,42.0,372.0,13.0,0.0,21.0,72.0,4.0,100.0,115.0,91.0,40.0,0.0,46.0,20.0,1.0,131.0,1.0,5.0,37.0,20.0,792.0,272.0,29.0,1032.0,13.0,68.0,21.0,17.0
152.0,0.0,245.0,3.0,487.0,15.0,3.0,0.0,39.0,45.0,0.0,966.0,34.0,87.0,20.0,8.0,721.0,61.0,49.0,138.0,81.0,60.0,375.0,11.0,0.0,15.0,90.0,2.0,137.0,138.0,126.0,39.0,0.0,48.0,35.0,13.0,149.0,2.0,1.0,31.0,21.0,784.0,226.0,39.0,1128.0,21.0,54.0,28.0,17.0
136.0,4.0,221.0,2.0,453.0,13.0,6.0,2.0,47.0,29.0,1.0,801.0,29.0,60.0,31.0,5.0,644.0,64.0,42.0,155.0,100.0,22.0,434.0,11.0,2.0,11.0,83.0,0.0,122.0,147.0,108.0,56.0,0.0,18.0,27.0,6.0,151.0,1.0,2.0,26.0,14.0,828.0,219.0,22.0,1221.0,12.0,58.0,29.0,15.0
220.0,5.0,299.0,48.0,831.0,19.0,60.0,1.0,95.0,134.0,30.0,853.0,46.0,82.0,35.0,20.0,823.0,76.0,107.0,170.0,51.0,42.0,453.0,86.0,3.0,17.0,65.0,1.0,114.0,148.0,124.0,82.0,6.0,56.0,38.0,7.0,137.0,3.0,15.0,47.0,23.0,623.0,200.0,42.0,1166.0,19.0,162.0,35.0,31.0
270.0,6.0,238.0,77.0,936.0,15.0,67.0,2.0,101.0,140.0,39.0,831.0,76.0,102.0,42.0,20.0,1009.0,77.0,105.0,185.0,44.0,42.0,528.0,105.0,0.0,20.0,66.0,14.0,181.0,181.0,110.0,102.0,10.0,87.0,58.0,14.0,159.0,10.0,15.0,45.0,49.0,672.0,230.0,33.0,1166.0,64.0,194.0,36.0,27.0
214.0,4.0,283.0,77.0,886.0,18.0,62.0,0.0,155.0,123.0,51.0,929.0,59.0,95.0,55.0,11.0,1307.0,68.0,93.0,178.0,67.0,46.0,441.0,116.0,2.0,26.0,73.0,3.0,173.0,194.0,138.0,73.0,12.0,80.0,53.0,28.0,166.0,14.0,37.0,51.0,47.0,761.0,243.0,32.0,1280.0,38.0,174.0,46.0,33.0
246.0,22.0,289.0,83.0,873.0,17.0,56.0,0.0,195.0,124.0,27.0,899.0,65.0,96.0,67.0,38.0,1161.0,59.0,123.0,163.0,75.0,44.0,550.0,112.0,4.0,14.0,58.0,5.0,207.0,179.0,160.0,133.0,9.0,103.0,43.0,30.0,195.0,7.0,38.0,63.0,83.0,860.0,234.0,40.0,1291.0,30.0,199.0,146.0,50.0
253.0,21.0,272.0,86.0,844.0,20.0,96.0,1.0,182.0,117.0,32.0,979.0,66.0,117.0,47.0,17.0,1206.0,63.0,133.0,197.0,93.0,45.0,483.0,52.0,4.0,11.0,70.0,14.0,168.0,150.0,178.0,160.0,9.0,87.0,59.0,47.0,170.0,11.0,47.0,38.0,87.0,861.0,270.0,52.0,1262.0,26.0,194.0,171.0,26.0
274.0,37.0,325.0,100.0,1048.0,15.0,103.0,2.0,296.0,147.0,74.0,1109.0,79.0,98.0,71.0,34.0,1421.0,61.0,127.0,266.0,119.0,43.0,622.0,80.0,6.0,7.0,71.0,15.0,170.0,187.0,210.0,169.0,5.0,95.0,21.0,21.0,204.0,13.0,61.0,52.0,109.0,885.0,259.0,46.0,1282.0,26.0,188.0,181.0,33.0
510.0,42.0,318.0,89.0,858.0,15.0,75.0,1.0,402.0,143.0,52.0,1212.0,95.0,79.0,82.0,45.0,1624.0,72.0,111.0,248.0,103.0,43.0,614.0,118.0,4.0,18.0,103.0,12.0,194.0,136.0,191.0,154.0,3.0,102.0,78.0,21.0,217.0,18.0,63.0,44.0,99.0,765.0,337.0,38.0,1363.0,34.0,213.0,163.0,39.0
693.0,41.0,325.0,89.0,1176.0,6.0,51.0,1.0,740.0,112.0,73.0,1378.0,176.0,120.0,130.0,69.0,1747.0,42.0,137.0,265.0,92.0,63.0,787.0,55.0,4.0,19.0,107.0,11.0,227.0,177.0,259.0,169.0,6.0,73.0,37.0,19.0,223.0,9.0,48.0,63.0,93.0,1556.0,343.0,47.0,1411.0,35.0,168.0,168.0,41.0
600.0,26.0,272.0,65.0,840.0,10.0,35.0,2.0,590.0,96.0,70.0,1810.0,126.0,96.0,107.0,68.0,2747.0,58.0,137.0,211.0,117.0,54.0,930.0,152.0,3.0,18.0,190.0,3.0,142.0,161.0,218.0,220.0,4.0,68.0,65.0,24.0,246.0,5.0,46.0,44.0,78.0,1390.0,402.0,47.0,1551.0,23.0,186.0,86.0,62.0
447.0,30.0,385.0,153.0,1129.0,31.0,105.0,5.0,854.0,123.0,73.0,2687.0,342.0,135.0,152.0,203.0,2805.0,70.0,237.0,283.0,169.0,80.0,1323.0,205.0,1.0,32.0,173.0,7.0,215.0,209.0,259.0,313.0,8.0,177.0,119.0,52.0,290.0,19.0,91.0,51.0,225.0,2030.0,494.0,58.0,1908.0,47.0,282.0,179.0,81.0
1216.0,23.0,425.0,262.0,1151.0,46.0,66.0,2.0,1297.0,129.0,113.0,3463.0,543.0,280.0,351.0,303.0,2748.0,77.0,282.0,346.0,365.0,250.0,1535.0,436.0,19.0,37.0,191.0,6.0,231.0,255.0,267.0,502.0,29.0,354.0,224.0,34.0,424.0,33.0,97.0,81.0,341.0,2414.0,632.0,66.0,2868.0,58.0,349.0,313.0,108.0
1830.0,26.0,446.0,525.0,1171.0,63.0,43.0,12.0,1615.0,187.0,157.0,3569.0,590.0,302.0,529.0,737.0,3212.0,74.0,438.0,392.0,464.0,302.0,2226.0,461.0,16.0,67.0,234.0,13.0,340.0,430.0,398.0,688.0,45.0,546.0,189.0,25.0,676.0,31.0,242.0,104.0,349.0,2595.0,763.0,72.0,4704.0,80.0,661.0,428.0,136.0
1714.0,22.0,313.0,336.0,1048.0,105.0,65.0,14.0,1719.0,210.0,190.0,2308.0,466.0,224.0,413.0,665.0,3473.0,68.0,320.0,400.0,553.0,251.0,2359.0,471.0,28.0,89.0,342.0,7.0,301.0,637.0,592.0,632.0,60.0,835.0,109.0,24.0,756.0,48.0,251.0,120.0,398.0,1242.0,963.0,63.0,9716.0,47.0,870.0,270.0,119.0
1008.0,23.0,424.0,191.0,1284.0,89.0,34.0,31.0,570.0,287.0,251.0,2035.0,273.0,211.0,466.0,663.0,3122.0,87.0,467.0,383.0,455.0,216.0,1641.0,461.0,20.0,76.0,462.0,25.0,274.0,583.0,418.0,695.0,60.0,593.0,134.0,33.0,625.0,48.0,229.0,161.0,428.0,1684.0,1064.0,111.0,8577.0,44.0,1116.0,246.0,150.0
525.0,11.0,639.0,321.0,1865.0,134.0,62.0,29.0,762.0,335.0,214.0,1397.0,239.0,104.0,397.0,494.0,2127.0,129.0,346.0,468.0,391.0,163.0,1103.0,333.0,43.0,81.0,486.0,49.0,343.0,509.0,370.0,567.0,69.0,480.0,192.0,63.0,558.0,99.0,150.0,155.0,560.0,1776.0,900.0,108.0,5679.0,158.0,964.0,221.0,152.0
886.0,11.0,674.0,378.0,2065.0,100.0,127.0,130.0,480.0,438.0,196.0,1120.0,280.0,60.0,410.0,288.0,2028.0,178.0,291.0,674.0,366.0,160.0,1000.0,285.0,59.0,71.0,468.0,49.0,339.0,500.0,526.0,591.0,170.0,391.0,356.0,98.0,577.0,133.0,121.0,215.0,344.0,2675.0,722.0,145.0,4083.0,202.0,899.0,201.0,189.0
1033.0,30.0,763.0,365.0,2140.0,102.0,157.0,108.0,588.0,415.0,218.0,1158.0,176.0,61.0,485.0,239.0,2471.0,188.0,291.0,961.0,278.0,158.0,1238.0,189.0,57.0,164.0,520.0,99.0,378.0,507.0,635.0,703.0,109.0,271.0,279.0,87.0,893.0,259.0,117.0,202.0,385.0,2984.0,690.0,259.0,3524.0,156.0,1077.0,189.0,216.0
933.0,13.0,858.0,366.0,2452.0,118.0,241.0,89.0,551.0,418.0,225.0,1153.0,150.0,60.0,555.0,146.0,2066.0,156.0,255.0,639.0,218.0,139.0,1126.0,247.0,71.0,106.0,438.0,78.0,320.0,498.0,744.0,603.0,86.0,228.0,236.0,44.0,774.0,231.0,131.0,151.0,446.0,2652.0,623.0,212.0,3264.0,144.0,1096.0,151.0,236.0
797.0,15.0,703.0,305.0,2192.0,81.0,263.0,66.0,530.0,392.0,183.0,1030.0,184.0,39.0,449.0,153.0,1934.0,131.0,229.0,532.0,196.0,148.0,1264.0,240.0,45.0,72.0,333.0,90.0,281.0,449.0,700.0,592.0,87.0,182.0,297.0,44.0,666.0,215.0,123.0,141.0,390.0,2351.0,623.0,232.0,2949.0,111.0,862.0,170.0,233.0
791.0,18.0,528.0,285.0,1774.0,67.0,272.0,40.0,500.0,367.0,145.0,1288.0,180.0,34.0,345.0,111.0,1657.0,114.0,183.0,454.0,202.0,107.0,1224.0,211.0,21.0,47.0,321.0,66.0,312.0,439.0,666.0,478.0,44.0,220.0,304.0,40.0,477.0,155.0,98.0,148.0,237.0,2104.0,555.0,210.0,2662.0,83.0,771.0,194.0,161.0
556.0,2.0,563.0,154.0,1396.0,70.0,241.0,23.0,675.0,280.0,117.0,1232.0,128.0,31.0,291.0,67.0,1803.0,95.0,145.0,313.0,218.0,127.0,1294.0,174.0,12.0,45.0,220.0,62.0,239.0,328.0,403.0,407.0,61.0,192.0,198.0,33.0,366.0,95.0,90.0,121.0,87.0,1953.0,523.0,167.0,2048.0,39.0,386.0,170.0,120.0
451.0,6.0,532.0,108.0,1488.0,55.0,265.0,28.0,665.0,210.0,114.0,1285.0,117.0,35.0,285.0,79.0,1519.0,100.0,167.0,293.0,139.0,118.0,1293.0,209.0,21.0,42.0,150.0,37.0,187.0,348.0,305.0,363.0,37.0,163.0,202.0,11.0,331.0,70.0,89.0,127.0,89.0,1580.0,439.0,125.0,1618.0,54.0,276.0,183.0,132.0
496.0,6.0,457.0,127.0,1369.0,37.0,143.0,21.0,592.0,212.0,103.0,1359.0,118.0,21.0,312.0,48.0,1479.0,99.0,103.0,367.0,144.0,127.0,1247.0,196.0,14.0,48.0,149.0,34.0,188.0,285.0,278.0,345.0,27.0,139.0,128.0,18.0,333.0,48.0,75.0,112.0,170.0,1751.0,477.0,106.0,1682.0,52.0,216.0,197.0,129.0
418.0,6.0,365.0,135.0,1472.0,43.0,144.0,13.0,422.0,212.0,114.0,1484.0,155.0,23.0,300.0,79.0,1695.0,87.0,141.0,365.0,159.0,131.0,991.0,108.0,22.0,60.0,199.0,29.0,191.0,323.0,191.0,229.0,35.0,126.0,184.0,22.0,221.0,56.0,42.0,98.0,67.0,1577.0,386.0,86.0,1648.0,53.0,169.0,196.0,88.0
334.0,0.0,402.0,113.0,1278.0,51.0,78.0,8.0,398.0,115.0,101.0,1562.0,142.0,20.0,177.0,106.0,1564.0,81.0,134.0,408.0,172.0,153.0,821.0,89.0,24.0,65.0,144.0,12.0,211.0,316.0,226.0,272.0,16.0,118.0,136.0,32.0,256.0,34.0,12.0,83.0,79.0,1374.0,411.0,82.0,1669.0,37.0,191.0,195.0,89.0
196.0,2.0,336.0,63.0,1097.0,27.0,107.0,12.0,432.0,157.0,78.0,1549.0,107.0,17.0,162.0,58.0,1364.0,79.0,135.0,439.0,148.0,166.0,754.0,72.0,23.0,67.0,108.0,18.0,198.0,252.0,237.0,213.0,23.0,161.0,115.0,14.0,261.0,26.0,39.0,101.0,55.0,1362.0,364.0,59.0,1938.0,35.0,251.0,145.0,66.0
138.0,5.0,333.0,57.0,1050.0,30.0,97.0,7.0,367.0,166.0,68.0,1547.0,115.0,16.0,136.0,88.0,1108.0,78.0,140.0,436.0,96.0,147.0,600.0,142.0,4.0,53.0,122.0,19.0,129.0,213.0,244.0,183.0,11.0,140.0,83.0,26.0,225.0,35.0,32.0,102.0,44.0,1182.0,377.0,91.0,1947.0,39.0,207.0,138.0,63.0
145.0,0.0,280.0,49.0,950.0,18.0,74.0,6.0,297.0,177.0,58.0,1358.0,102.0,10.0,119.0,102.0,1075.0,88.0,159.0,387.0,173.0,108.0,609.0,131.0,5.0,34.0,112.0,22.0,117.0,181.0,199.0,130.0,10.0,95.0,75.0,16.0,224.0,47.0,22.0,76.0,37.0,1024.0,339.0,73.0,1784.0,19.0,214.0,173.0,45.0
126.0,4.0,316.0,39.0,906.0,29.0,64.0,4.0,255.0,156.0,61.0,1142.0,99.0,7.0,92.0,53.0,786.0,37.0,136.0,415.0,130.0,117.0,487.0,106.0,5.0,27.0,104.0,11.0,121.0,183.0,184.0,134.0,18.0,71.0,46.0,17.0,219.0,39.0,32.0,76.0,34.0,1051.0,271.0,55.0,1529.0,33.0,164.0,158.0,48.0
108.0,4.0,250.0,28.0,858.0,19.0,98.0,2.0,129.0,104.0,67.0,922.0,67.0,9.0,79.0,55.0,864.0,58.0,132.0,301.0,105.0,80.0,536.0,87.0,6.0,19.0,68.0,14.0,147.0,191.0,150.0,93.0,5.0,57.0,32.0,22.0,193.0,47.0,11.0,72.0,22.0,654.0,403.0,33.0,1293.0,33.0,158.0,165.0,21.0
92.0,0.0,320.0,21.0,912.0,22.0,79.0,1.0,216.0,109.0,105.0,937.0,71.0,2.0,86.0,42.0,773.0,46.0,141.0,247.0,107.0,73.0,415.0,102.0,8.0,15.0,51.0,12.0,127.0,179.0,155.0,93.0,3.0,70.0,25.0,12.0,207.0,28.0,16.0,65.0,25.0,1000.0,378.0,27.0,1321.0,22.0,190.0,163.0,16.0
70.0,0.0,247.0,12.0,910.0,21.0,55.0,1.0,225.0,142.0,57.0,878.0,44.0,5.0,47.0,25.0,876.0,53.0,127.0,226.0,72.0,50.0,434.0,71.0,2.0,19.0,74.0,6.0,130.0,170.0,185.0,107.0,2.0,64.0,40.0,6.0,177.0,17.0,8.0,33.0,21.0,895.0,326.0,32.0,1270.0,20.0,156.0,143.0,26.0
94.0,4.0,231.0,10.0,905.0,17.0,40.0,0.0,293.0,126.0,35.0,752.0,40.0,3.0,28.0,13.0,783.0,40.0,96.0,181.0,55.0,49.0,417.0,68.0,0.0,15.0,36.0,2.0,106.0,160.0,113.0,66.0,4.0,48.0,21.0,8.0,132.0,2.0,4.0,29.0,82.0,821.0,241.0,21.0,1197.0,28.0,93.0,150.0,26.0
56.0,8.0,203.0,8.0,768.0,8.0,34.0,0.0,332.0,131.0,75.0,742.0,34.0,1.0,20.0,10.0,686.0,44.0,97.0,187.0,54.0,73.0,326.0,54.0,0.0,10.0,58.0,4.0,91.0,168.0,101.0,48.0,2.0,42.0,7.0,2.0,117.0,4.0,1.0,38.0,66.0,838.0,249.0,10.0,1125.0,4.0,73.0,16.0,10.0
30.0,12.0,148.0,14.0,643.0,6.0,24.0,1.0,291.0,107.0,30.0,562.0,29.0,1.0,16.0,4.0,652.0,28.0,88.0,184.0,43.0,15.0,316.0,3.0,3.0,10.0,64.0,0.0,80.0,112.0,93.0,44.0,2.0,37.0,16.0,3.0,131.0,3.0,5.0,29.0,61.0,620.0,282.0,9.0,1153.0,15.0,81.0,10.0,12.0
42.0,2.0,175.0,15.0,680.0,8.0,20.0,0.0,217.0,112.0,11.0,558.0,23.0,0.0,11.0,5.0,511.0,41.0,67.0,157.0,45.0,42.0,275.0,5.0,0.0,11.0,39.0,3.0,81.0,86.0,107.0,35.0,2.0,27.0,9.0,8.0,103.0,1.0,3.0,39.0,49.0,490.0,221.0,5.0,957.0,22.0,80.0,3.0,12.0
42.0,0.0,184.0,11.0,576.0,9.0,17.0,1.0,185.0,19.0,16.0,521.0,12.0,0.0,15.0,5.0,463.0,45.0,88.0,189.0,20.0,48.0,255.0,2.0,0.0,10.0,39.0,3.0,102.0,88.0,73.0,31.0,1.0,42.0,3.0,6.0,114.0,0.0,4.0,31.0,6.0,546.0,170.0,3.0,919.0,14.0,50.0,8.0,10.0
40.0,13.0,161.0,14.0,507.0,7.0,13.0,0.0,117.0,18.0,5.0,435.0,28.0,0.0,13.0,2.0,434.0,30.0,66.0,151.0,16.0,32.0,251.0,5.0,1.0,9.0,26.0,2.0,107.0,93.0,26.0,25.0,2.0,32.0,10.0,0.0,88.0,2.0,0.0,21.0,5.0,513.0,164.0,1.0,851.0,12.0,63.0,5.0,5.0
26.0,21.0,115.0,2.0,459.0,11.0,12.0,0.0,129.0,13.0,6.0,548.0,25.0,0.0,19.0,1.0,491.0,36.0,71.0,138.0,12.0,30.0,269.0,11.0,0.0,11.0,22.0,1.0,93.0,99.0,49.0,23.0,1.0,31.0,8.0,3.0,88.0,0.0,4.0,30.0,12.0,450.0,197.0,1.0,733.0,10.0,35.0,15.0,3.0
13.0,15.0,119.0,1.0,393.0,8.0,17.0,0.0,136.0,21.0,5.0,448.0,19.0,0.0,8.0,1.0,433.0,22.0,68.0,126.0,13.0,31.0,221.0,10.0,0.0,6.0,18.0,1.0,62.0,43.0,60.0,21.0,0.0,21.0,6.0,1.0,88.0,5.0,1.0,45.0,10.0,414.0,130.0,2.0,725.0,9.0,42.0,3.0,1.0
30.0,13.0,118.0,14.0,420.0,9.0,14.0,0.0,132.0,17.0,17.0,435.0,23.0,0.0,8.0,1.0,409.0,37.0,79.0,115.0,39.0,34.0,218.0,1.0,2.0,5.0,15.0,0.0,83.0,72.0,71.0,25.0,0.0,26.0,10.0,1.0,112.0,2.0,2.0,31.0,4.0,383.0,124.0,0.0,701.0,12.0,32.0,8.0,1.0
46.0,7.0,125.0,7.0,339.0,8.0,11.0,0.0,117.0,15.0,7.0,437.0,9.0,1.0,4.0,3.0,468.0,38.0,76.0,107.0,32.0,35.0,213.0,7.0,0.0,13.0,23.0,1.0,88.0,52.0,69.0,22.0,0.0,25.0,7.0,3.0,83.0,1.0,1.0,35.0,11.0,371.0,115.0,0.0,628.0,10.0,37.0,6.0,2.0
27.0,7.0,114.0,3.0,293.0,13.0,7.0,0.0,114.0,21.0,9.0,415.0,13.0,0.0,6.0,1.0,361.0,23.0,78.0,112.0,10.0,32.0,219.0,5.0,1.0,10.0,12.0,0.0,74.0,86.0,50.0,20.0,0.0,27.0,8.0,0.0,84.0,2.0,3.0,28.0,7.0,388.0,167.0,6.0,593.0,0.0,34.0,6.0,9.0
28.0,7.0,131.0,2.0,282.0,18.0,2.0,0.0,136.0,8.0,4.0,432.0,11.0,0.0,11.0,3.0,398.0,13.0,60.0,110.0,35.0,26.0,207.0,2.0,3.0,11.0,24.0,0.0,78.0,57.0,71.0,14.0,0.0,42.0,9.0,1.0,68.0,0.0,1.0,26.0,8.0,265.0,138.0,8.0,555.0,6.0,31.0,8.0,7.0
37.0,4.0,118.0,2.0,283.0,11.0,1.0,0.0,119.0,19.0,16.0,438.0,17.0,0.0,6.0,0.0,349.0,31.0,53.0,103.0,29.0,42.0,181.0,6.0,4.0,11.0,13.0,1.0,95.0,49.0,81.0,18.0,0.0,25.0,0.0,0.0,93.0,3.0,2.0,26.0,10.0,353.0,152.0,5.0,594.0,4.0,36.0,5.0,5.0
47.0,8.0,109.0,1.0,351.0,10.0,3.0,0.0,183.0,9.0,3.0,412.0,21.0,0.0,4.0,0.0,341.0,26.0,73.0,103.0,35.0,45.0,224.0,2.0,0.0,6.0,28.0,0.0,76.0,31.0,80.0,33.0,0.0,29.0,10.0,0.0,65.0,2.0,1.0,24.0,16.0,355.0,141.0,6.0,609.0,5.0,29.0,5.0,3.0
63.0,6.0,193.0,1.0,350.0,14.0,1.0,0.0,248.0,10.0,7.0,384.0,31.0,0.0,12.0,1.0,382.0,29.0,61.0,98.0,34.0,38.0,293.0,8.0,0.0,10.0,30.0,2.0,74.0,74.0,52.0,19.0,0.0,37.0,13.0,0.0,84.0,0.0,1.0,23.0,20.0,542.0,99.0,8.0,613.0,7.0,41.0,5.0,5.0
85.0,2.0,190.0,3.0,431.0,22.0,0.0,0.0,302.0,18.0,0.0,450.0,35.0,0.0,13.0,4.0,628.0,25.0,47.0,123.0,23.0,57.0,286.0,6.0,0.0,10.0,31.0,0.0,17.0,82.0,88.0,42.0,0.0,33.0,9.0,0.0,88.0,2.0,3.0,33.0,29.0,402.0,146.0,6.0,682.0,6.0,54.0,8.0,3.0
74.0,10.0,158.0,4.0,419.0,14.0,2.0,0.0,321.0,12.0,6.0,428.0,29.0,2.0,12.0,1.0,673.0,44.0,57.0,98.0,32.0,38.0,369.0,2.0,0.0,8.0,33.0,2.0,59.0,8.0,50.0,28.0,0.0,30.0,13.0,7.0,119.0,1.0,2.0,23.0,45.0,531.0,165.0,3.0,791.0,10.0,69.0,17.0,3.0
66.0,21.0,133.0,5.0,218.0,10.0,4.0,0.0,371.0,36.0,6.0,500.0,36.0,1.0,9.0,3.0,691.0,34.0,77.0,107.0,27.0,22.0,314.0,8.0,1.0,11.0,35.0,1.0,89.0,70.0,41.0,10.0,1.0,27.0,9.0,13.0,110.0,2.0,4.0,28.0,52.0,578.0,144.0,5.0,872.0,5.0,65.0,10.0,5.0
71.0,11.0,202.0,3.0,471.0,15.0,2.0,0.0,334.0,35.0,1.0,643.0,40.0,0.0,27.0,7.0,766.0,28.0,79.0,134.0,51.0,21.0,347.0,24.0,4.0,9.0,23.0,2.0,50.0,91.0,84.0,36.0,0.0,27.0,36.0,11.0,157.0,3.0,11.0,3.0,68.0,641.0,130.0,10.0,900.0,15.0,71.0,20.0,11.0
95.0,8.0,225.0,5.0,463.0,21.0,6.0,1.0,357.0,38.0,1.0,609.0,45.0,1.0,35.0,12.0,729.0,7.0,68.0,130.0,31.0,42.0,389.0,27.0,3.0,11.0,31.0,3.0,135.0,93.0,71.0,31.0,0.0,52.0,28.0,21.0,143.0,5.0,6.0,1.0,61.0,710.0,225.0,5.0,1142.0,14.0,75.0,19.0,8.0
128.0,4.0,169.0,4.0,348.0,13.0,20.0,0.0,431.0,31.0,6.0,542.0,49.0,6.0,49.0,11.0,811.0,27.0,75.0,77.0,48.0,42.0,421.0,27.0,1.0,16.0,39.0,2.0,92.0,66.0,23.0,41.0,1.0,53.0,24.0,8.0,112.0,8.0,8.0,2.0,39.0,775.0,201.0,6.0,1135.0,30.0,89.0,74.0,6.0
272.0,10.0,290.0,46.0,558.0,17.0,55.0,4.0,385.0,51.0,11.0,833.0,64.0,9.0,90.0,57.0,804.0,67.0,82.0,185.0,164.0,36.0,428.0,87.0,4.0,12.0,83.0,4.0,98.0,109.0,70.0,129.0,8.0,97.0,57.0,27.0,203.0,6.0,19.0,92.0,72.0,1016.0,206.0,5.0,1197.0,32.0,184.0,134.0,19.0
258.0,20.0,360.0,35.0,653.0,23.0,49.0,1.0,360.0,35.0,10.0,908.0,79.0,8.0,78.0,78.0,840.0,50.0,63.0,134.0,172.0,60.0,473.0,102.0,3.0,16.0,54.0,7.0,23.0,112.0,62.0,196.0,3.0,123.0,130.0,41.0,228.0,7.0,38.0,87.0,49.0,1084.0,204.0,10.0,1325.0,40.0,181.0,123.0,21.0
251.0,17.0,396.0,50.0,677.0,19.0,50.0,3.0,318.0,25.0,16.0,806.0,66.0,18.0,85.0,82.0,964.0,63.0,116.0,177.0,162.0,45.0,521.0,132.0,8.0,16.0,63.0,6.0,24.0,142.0,115.0,220.0,3.0,115.0,133.0,42.0,230.0,14.0,44.0,76.0,76.0,1162.0,216.0,16.0,1565.0,21.0,237.0,127.0,28.0
279.0,9.0,404.0,46.0,715.0,18.0,51.0,5.0,257.0,28.0,17.0,842.0,85.0,8.0,91.0,118.0,823.0,59.0,121.0,142.0,187.0,48.0,501.0,98.0,2.0,12.0,90.0,9.0,19.0,114.0,107.0,227.0,2.0,109.0,122.0,37.0,222.0,14.0,81.0,88.0,54.0,1152.0,212.0,15.0,1341.0,55.0,197.0,112.0,27.0
313.0,10.0,415.0,42.0,800.0,11.0,112.0,9.0,370.0,43.0,13.0,920.0,85.0,17.0,119.0,132.0,878.0,55.0,122.0,164.0,211.0,74.0,503.0,122.0,6.0,18.0,86.0,10.0,34.0,152.0,89.0,206.0,4.0,136.0,111.0,31.0,246.0,17.0,57.0,110.0,79.0,1143.0,291.0,33.0,1528.0,24.0,266.0,117.0,35.0
290.0,11.0,438.0,65.0,782.0,15.0,72.0,7.0,344.0,32.0,19.0,1020.0,80.0,14.0,111.0,121.0,972.0,79.0,111.0,165.0,215.0,68.0,566.0,139.0,8.0,20.0,84.0,8.0,18.0,155.0,97.0,163.0,3.0,178.0,199.0,83.0,248.0,11.0,79.0,96.0,60.0,1214.0,295.0,33.0,1493.0,21.0,277.0,110.0,40.0
305.0,7.0,496.0,64.0,996.0,21.0,75.0,11.0,431.0,26.0,13.0,978.0,85.0,12.0,111.0,135.0,1008.0,57.0,132.0,162.0,170.0,79.0,598.0,99.0,2.0,33.0,66.0,12.0,30.0,180.0,159.0,211.0,3.0,130.0,143.0,75.0,240.0,12.0,73.0,94.0,110.0,1266.0,292.0,28.0,1695.0,22.0,189.0,115.0,22.0
255.0,6.0,348.0,39.0,687.0,15.0,38.0,7.0,326.0,30.0,25.0,830.0,56.0,4.0,90.0,134.0,1030.0,27.0,140.0,147.0,143.0,73.0,578.0,97.0,5.0,17.0,90.0,3.0,20.0,227.0,78.0,150.0,0.0,97.0,199.0,48.0,214.0,8.0,51.0,112.0,86.0,1071.0,334.0,30.0,1824.0,7.0,173.0,92.0,24.0
295.0,13.0,566.0,56.0,936.0,18.0,65.0,6.0,367.0,38.0,20.0,1057.0,59.0,9.0,104.0,169.0,1015.0,54.0,158.0,200.0,158.0,51.0,674.0,97.0,5.0,12.0,99.0,23.0,68.0,160.0,141.0,268.0,3.0,125.0,185.0,80.0,251.0,13.0,73.0,102.0,87.0,1411.0,268.0,44.0,1945.0,15.0,235.0,99.0,29.0
339.0,6.0,503.0,65.0,938.0,32.0,114.0,6.0,406.0,30.0,12.0,1119.0,95.0,3.0,91.0,147.0,924.0,54.0,141.0,202.0,186.0,111.0,644.0,90.0,5.0,26.0,128.0,23.0,79.0,211.0,178.0,213.0,0.0,175.0,157.0,36.0,284.0,11.0,25.0,110.0,109.0,1320.0,285.0,27.0,2076.0,27.0,231.0,50.0,33.0
334.0,2.0,472.0,57.0,856.0,18.0,89.0,6.0,729.0,30.0,26.0,1008.0,104.0,8.0,91.0,169.0,946.0,48.0,169.0,192.0,193.0,85.0,555.0,125.0,4.0,18.0,135.0,19.0,72.0,193.0,129.0,221.0,6.0,133.0,113.0,35.0,298.0,12.0,21.0,118.0,100.0,1391.0,336.0,37.0,2189.0,19.0,324.0,106.0,32.0
249.0,3.0,485.0,46.0,723.0,27.0,35.0,0.0,756.0,16.0,9.0,1041.0,64.0,8.0,67.0,135.0,1168.0,32.0,151.0,204.0,130.0,99.0,625.0,98.0,5.0,10.0,127.0,13.0,31.0,169.0,126.0,187.0,7.0,110.0,141.0,18.0,207.0,6.0,13.0,120.0,61.0,1110.0,330.0,28.0,2495.0,13.0,207.0,71.0,14.0
220.0,3.0,395.0,41.0,806.0,23.0,43.0,4.0,687.0,20.0,18.0,1034.0,64.0,10.0,71.0,137.0,1159.0,50.0,202.0,192.0,149.0,67.0,620.0,104.0,6.0,9.0,164.0,13.0,35.0,183.0,99.0,209.0,8.0,113.0,169.0,23.0,288.0,11.0,16.0,108.0,52.0,1274.0,422.0,43.0,2560.0,20.0,250.0,55.0,32.0
293.0,5.0,644.0,57.0,1077.0,37.0,92.0,9.0,587.0,21.0,43.0,1178.0,65.0,16.0,99.0,175.0,986.0,44.0,150.0,243.0,219.0,29.0,516.0,122.0,4.0,18.0,169.0,16.0,57.0,183.0,92.0,214.0,2.0,151.0,112.0,62.0,295.0,14.0,22.0,135.0,112.0,1282.0,321.0,46.0,2167.0,25.0,219.0,95.0,31.0
350.0,3.0,678.0,79.0,1043.0,34.0,117.0,7.0,537.0,32.0,32.0,1217.0,57.0,13.0,83.0,172.0,1001.0,44.0,213.0,250.0,156.0,31.0,470.0,104.0,2.0,18.0,119.0,20.0,50.0,203.0,205.0,243.0,7.0,147.0,150.0,93.0,288.0,20.0,28.0,138.0,152.0,1164.0,432.0,40.0,1956.0,38.0,207.0,84.0,27.0
394.0,4.0,666.0,69.0,1097.0,34.0,114.0,2.0,625.0,41.0,33.0,1238.0,84.0,6.0,81.0,92.0,1108.0,51.0,166.0,269.0,209.0,37.0,536.0,127.0,4.0,11.0,154.0,18.0,63.0,247.0,155.0,178.0,2.0,123.0,221.0,81.0,294.0,22.0,29.0,165.0,121.0,1318.0,411.0,42.0,1648.0,49.0,165.0,126.0,29.0
416.0,7.0,778.0,113.0,1347.0,35.0,171.0,3.0,623.0,55.0,52.0,1402.0,104.0,13.0,105.0,133.0,1106.0,49.0,174.0,353.0,192.0,43.0,666.0,136.0,10.0,14.0,186.0,23.0,86.0,308.0,167.0,215.0,3.0,155.0,218.0,96.0,385.0,34.0,27.0,144.0,134.0,1551.0,545.0,59.0,1677.0,56.0,229.0,86.0,27.0
332.0,10.0,892.0,113.0,1600.0,35.0,171.0,6.0,682.0,36.0,66.0,1551.0,78.0,8.0,122.0,187.0,1172.0,52.0,101.0,389.0,246.0,39.0,574.0,110.0,8.0,12.0,187.0,29.0,81.0,321.0,191.0,236.0,11.0,173.0,215.0,119.0,389.0,59.0,42.0,174.0,176.0,1512.0,574.0,36.0,1472.0,76.0,157.0,99.0,49.0
332.0,20.0,1297.0,129.0,1882.0,52.0,209.0,3.0,716.0,70.0,38.0,1699.0,94.0,14.0,122.0,253.0,1120.0,46.0,201.0,335.0,309.0,44.0,606.0,171.0,13.0,25.0,254.0,30.0,128.0,482.0,273.0,313.0,4.0,203.0,264.0,79.0,368.0,51.0,64.0,258.0,149.0,1816.0,678.0,49.0,1601.0,93.0,278.0,112.0,75.0
484.0,28.0,1181.0,140.0,1893.0,56.0,195.0,2.0,928.0,69.0,65.0,2003.0,118.0,28.0,182.0,398.0,1380.0,44.0,334.0,311.0,391.0,87.0,743.0,182.0,12.0,24.0,309.0,30.0,141.0,560.0,172.0,409.0,13.0,251.0,214.0,133.0,294.0,71.0,86.0,210.0,284.0,2035.0,864.0,59.0,2090.0,120.0,279.0,140.0,74.0
509.0,34.0,1181.0,159.0,1859.0,66.0,190.0,21.0,1045.0,104.0,42.0,1989.0,171.0,31.0,185.0,526.0,1491.0,43.0,236.0,382.0,597.0,87.0,933.0,190.0,9.0,35.0,356.0,34.0,128.0,594.0,288.0,663.0,8.0,335.0,238.0,130.0,438.0,86.0,108.0,235.0,358.0,1147.0,979.0,49.0,2575.0,127.0,438.0,167.0,79.0
521.0,34.0,1251.0,175.0,1804.0,63.0,194.0,33.0,1141.0,100.0,55.0,2162.0,226.0,37.0,204.0,576.0,1840.0,48.0,266.0,413.0,670.0,162.0,988.0,247.0,24.0,53.0,390.0,38.0,187.0,699.0,357.0,620.0,6.0,312.0,183.0,165.0,484.0,82.0,107.0,204.0,361.0,1203.0,755.0,70.0,3246.0,87.0,487.0,197.0,83.0
632.0,64.0,819.0,195.0,1636.0,67.0,205.0,56.0,1323.0,138.0,65.0,2093.0,263.0,25.0,242.0,746.0,1733.0,60.0,291.0,618.0,703.0,201.0,1053.0,260.0,14.0,56.0,305.0,62.0,221.0,637.0,366.0,535.0,14.0,470.0,276.0,162.0,519.0,127.0,109.0,225.0,396.0,941.0,785.0,86.0,4121.0,75.0,582.0,217.0,121.0
440.0,98.0,813.0,145.0,1293.0,64.0,105.0,44.0,993.0,128.0,50.0,1642.0,169.0,10.0,151.0,494.0,1426.0,91.0,193.0,520.0,597.0,121.0,772.0,211.0,48.0,29.0,319.0,49.0,187.0,636.0,346.0,523.0,20.0,344.0,162.0,136.0,458.0,94.0,74.0,170.0,184.0,749.0,737.0,88.0,3758.0,44.0,422.0,178.0,148.0
398.0,81.0,731.0,80.0,1201.0,62.0,122.0,44.0,1101.0,89.0,28.0,1335.0,141.0,12.0,149.0,387.0,1380.0,73.0,159.0,449.0,566.0,114.0,791.0,225.0,12.0,32.0,150.0,58.0,185.0,513.0,278.0,431.0,9.0,332.0,188.0,38.0,463.0,66.0,80.0,180.0,210.0,777.0,370.0,74.0,3079.0,71.0,393.0,133.0,116.0
388.0,85.0,528.0,100.0,1053.0,43.0,128.0,25.0,1068.0,90.0,30.0,1246.0,110.0,20.0,128.0,371.0,1155.0,100.0,109.0,471.0,482.0,72.0,633.0,214.0,11.0,37.0,102.0,68.0,131.0,423.0,113.0,385.0,15.0,250.0,97.0,105.0,361.0,69.0,65.0,157.0,295.0,760.0,622.0,77.0,2626.0,66.0,437.0,150.0,81.0
360.0,62.0,611.0,89.0,938.0,43.0,129.0,23.0,873.0,91.0,23.0,1029.0,92.0,6.0,151.0,320.0,1048.0,56.0,86.0,364.0,298.0,88.0,648.0,155.0,15.0,26.0,145.0,44.0,112.0,307.0,97.0,334.0,20.0,204.0,123.0,89.0,283.0,66.0,48.0,159.0,200.0,569.0,527.0,68.0,2286.0,57.0,403.0,129.0,57.0
311.0,36.0,594.0,114.0,855.0,42.0,125.0,9.0,770.0,55.0,10.0,955.0,67.0,11.0,142.0,315.0,904.0,85.0,127.0,323.0,366.0,85.0,648.0,147.0,9.0,16.0,105.0,36.0,145.0,229.0,118.0,297.0,13.0,153.0,148.0,40.0,288.0,51.0,55.0,149.0,249.0,789.0,374.0,48.0,2352.0,42.0,433.0,119.0,25.0
340.0,54.0,581.0,110.0,710.0,40.0,126.0,10.0,498.0,49.0,15.0,894.0,83.0,11.0,91.0,218.0,954.0,70.0,166.0,288.0,256.0,87.0,539.0,148.0,16.0,12.0,69.0,20.0,143.0,206.0,79.0,311.0,5.0,168.0,79.0,41.0,306.0,41.0,34.0,125.0,230.0,846.0,235.0,50.0,2563.0,22.0,403.0,121.0,25.0
247.0,33.0,476.0,58.0,711.0,37.0,56.0,17.0,685.0,21.0,13.0,800.0,77.0,5.0,59.0,147.0,841.0,85.0,128.0,232.0,251.0,72.0,521.0,117.0,20.0,20.0,80.0,20.0,91.0,187.0,68.0,267.0,3.0,132.0,85.0,26.0,305.0,48.0,39.0,100.0,249.0,747.0,275.0,56.0,2435.0,31.0,395.0,94.0,27.0
201.0,32.0,387.0,81.0,726.0,22.0,31.0,10.0,646.0,29.0,21.0,664.0,39.0,6.0,65.0,93.0,818.0,63.0,95.0,211.0,209.0,30.0,401.0,98.0,16.0,11.0,71.0,26.0,69.0,155.0,55.0,214.0,7.0,108.0,113.0,29.0,214.0,13.0,18.0,92.0,211.0,617.0,304.0,35.0,2038.0,20.0,219.0,67.0,27.0
161.0,14.0,362.0,52.0,586.0,25.0,21.0,5.0,642.0,32.0,14.0,699.0,33.0,0.0,48.0,69.0,826.0,49.0,118.0,181.0,215.0,38.0,415.0,82.0,3.0,10.0,52.0,16.0,62.0,174.0,31.0,183.0,9.0,84.0,52.0,20.0,172.0,12.0,11.0,78.0,138.0,472.0,274.0,29.0,1744.0,16.0,196.0,92.0,21.0
173.0,40.0,363.0,31.0,527.0,22.0,13.0,3.0,669.0,29.0,13.0,636.0,40.0,1.0,33.0,53.0,840.0,37.0,95.0,181.0,159.0,17.0,400.0,32.0,0.0,9.0,34.0,17.0,56.0,150.0,23.0,96.0,8.0,77.0,69.0,2.0,155.0,10.0,9.0,76.0,158.0,459.0,210.0,17.0,1622.0,15.0,176.0,103.0,11.0
122.0,8.0,299.0,4.0,515.0,16.0,10.0,0.0,628.0,27.0,1.0,540.0,31.0,2.0,23.0,29.0,778.0,25.0,75.0,177.0,109.0,16.0,386.0,7.0,0.0,4.0,44.0,11.0,40.0,95.0,8.0,70.0,9.0,52.0,8.0,0.0,144.0,2.0,9.0,55.0,147.0,518.0,230.0,16.0,1552.0,8.0,186.0,14.0,13.0
84.0,6.0,238.0,0.0,417.0,9.0,12.0,6.0,556.0,15.0,0.0,513.0,21.0,1.0,9.0,20.0,661.0,32.0,113.0,99.0,78.0,12.0,347.0,12.0,0.0,8.0,43.0,12.0,19.0,94.0,0.0,58.0,4.0,42.0,20.0,0.0,136.0,0.0,5.0,53.0,155.0,395.0,239.0,14.0,1536.0,8.0,123.0,83.0,13.0
93.0,5.0,302.0,2.0,440.0,19.0,8.0,4.0,448.0,12.0,0.0,395.0,35.0,0.0,11.0,11.0,569.0,28.0,112.0,165.0,87.0,12.0,271.0,22.0,0.0,7.0,38.0,12.0,22.0,67.0,0.0,69.0,3.0,49.0,21.0,3.0,123.0,3.0,4.0,41.0,142.0,276.0,178.0,8.0,1223.0,13.0,83.0,85.0,6.0
63.0,6.0,313.0,2.0,395.0,18.0,5.0,0.0,436.0,10.0,3.0,310.0,35.0,1.0,3.0,8.0,586.0,30.0,74.0,106.0,57.0,11.0,264.0,12.0,0.0,5.0,22.0,9.0,29.0,59.0,2.0,65.0,0.0,51.0,17.0,4.0,95.0,0.0,5.0,37.0,130.0,362.0,196.0,9.0,1224.0,8.0,89.0,8.0,5.0
59.0,3.0,159.0,0.0,376.0,12.0,3.0,0.0,338.0,12.0,3.0,346.0,14.0,0.0,8.0,9.0,543.0,24.0,86.0,86.0,63.0,12.0,263.0,10.0,0.0,8.0,36.0,5.0,31.0,72.0,1.0,51.0,0.0,40.0,4.0,1.0,102.0,2.0,1.0,29.0,90.0,316.0,151.0,7.0,991.0,6.0,57.0,9.0,5.0
54.0,2.0,165.0,1.0,381.0,10.0,4.0,0.0,340.0,11.0,0.0,355.0,6.0,0.0,6.0,1.0,510.0,31.0,59.0,77.0,53.0,12.0,189.0,9.0,1.0,11.0,27.0,7.0,23.0,59.0,1.0,36.0,3.0,42.0,4.0,0.0,99.0,2.0,2.0,31.0,88.0,297.0,174.0,6.0,978.0,5.0,67.0,6.0,9.0
45.0,7.0,139.0,3.0,299.0,8.0,3.0,0.0,369.0,17.0,1.0,289.0,23.0,0.0,6.0,2.0,498.0,12.0,63.0,60.0,45.0,6.0,201.0,14.0,0.0,6.0,25.0,3.0,15.0,80.0,0.0,37.0,0.0,34.0,15.0,0.0,71.0,0.0,1.0,34.0,48.0,248.0,177.0,6.0,911.0,6.0,67.0,1.0,6.0
36.0,3.0,147.0,3.0,324.0,10.0,3.0,3.0,301.0,8.0,3.0,317.0,21.0,0.0,4.0,2.0,508.0,20.0,61.0,65.0,72.0,7.0,225.0,10.0,0.0,7.0,27.0,10.0,16.0,80.0,2.0,32.0,0.0,40.0,15.0,2.0,79.0,0.0,0.0,32.0,86.0,189.0,217.0,11.0,771.0,7.0,48.0,8.0,4.0
59.0,3.0,160.0,1.0,269.0,12.0,3.0,3.0,269.0,16.0,1.0,307.0,28.0,0.0,3.0,4.0,483.0,32.0,59.0,64.0,47.0,13.0,203.0,7.0,0.0,3.0,42.0,8.0,13.0,70.0,0.0,27.0,1.0,30.0,13.0,1.0,86.0,0.0,2.0,25.0,51.0,239.0,169.0,10.0,713.0,5.0,57.0,1.0,2.0
37.0,6.0,137.0,3.0,262.0,7.0,2.0,0.0,276.0,6.0,4.0,295.0,19.0,1.0,2.0,1.0,405.0,24.0,56.0,71.0,36.0,13.0,203.0,12.0,0.0,4.0,31.0,8.0,20.0,48.0,0.0,38.0,0.0,35.0,12.0,0.0,83.0,0.0,2.0,32.0,82.0,261.0,180.0,4.0,724.0,6.0,67.0,5.0,2.0
52.0,7.0,150.0,2.0,246.0,9.0,2.0,2.0,271.0,7.0,3.0,267.0,24.0,0.0,8.0,3.0,405.0,19.0,58.0,65.0,53.0,16.0,216.0,6.0,0.0,8.0,17.0,10.0,13.0,47.0,2.0,38.0,0.0,46.0,2.0,0.0,76.0,1.0,1.0,22.0,53.0,216.0,128.0,8.0,601.0,3.0,86.0,8.0,1.0
81.0,7.0,58.0,3.0,267.0,10.0,2.0,2.0,419.0,13.0,4.0,263.0,19.0,0.0,4.0,3.0,368.0,21.0,50.0,55.0,67.0,11.0,260.0,12.0,0.0,6.0,19.0,9.0,14.0,20.0,0.0,47.0,0.0,41.0,12.0,0.0,87.0,0.0,0.0,28.0,120.0,209.0,177.0,7.0,723.0,3.0,64.0,5.0,3.0
86.0,8.0,80.0,2.0,310.0,9.0,3.0,0.0,580.0,16.0,1.0,275.0,27.0,0.0,3.0,22.0,531.0,27.0,63.0,100.0,50.0,17.0,298.0,5.0,0.0,6.0,22.0,7.0,16.0,66.0,3.0,34.0,0.0,45.0,15.0,0.0,74.0,0.0,3.0,34.0,103.0,224.0,160.0,4.0,682.0,4.0,75.0,6.0,7.0
92.0,8.0,97.0,0.0,342.0,16.0,4.0,6.0,668.0,25.0,3.0,327.0,58.0,3.0,8.0,8.0,569.0,20.0,65.0,86.0,70.0,14.0,385.0,11.0,1.0,6.0,27.0,10.0,9.0,71.0,1.0,39.0,1.0,61.0,16.0,0.0,80.0,2.0,3.0,44.0,150.0,336.0,160.0,9.0,766.0,5.0,142.0,9.0,5.0
89.0,8.0,100.0,2.0,447.0,53.0,7.0,1.0,618.0,21.0,7.0,315.0,41.0,0.0,12.0,9.0,681.0,22.0,62.0,79.0,58.0,10.0,290.0,15.0,0.0,8.0,32.0,7.0,3.0,87.0,0.0,47.0,0.0,54.0,18.0,1.0,141.0,6.0,8.0,26.0,92.0,423.0,188.0,11.0,817.0,2.0,167.0,16.0,7.0
69.0,15.0,65.0,3.0,398.0,21.0,7.0,2.0,597.0,26.0,6.0,396.0,20.0,0.0,10.0,21.0,738.0,30.0,83.0,92.0,56.0,26.0,376.0,26.0,1.0,7.0,40.0,10.0,18.0,67.0,3.0,61.0,0.0,61.0,14.0,0.0,112.0,49.0,1.0,38.0,15.0,534.0,189.0,9.0,924.0,4.0,121.0,10.0,5.0
105.0,14.0,74.0,14.0,604.0,40.0,7.0,6.0,638.0,25.0,2.0,516.0,31.0,0.0,9.0,20.0,730.0,33.0,66.0,141.0,66.0,18.0,283.0,16.0,0.0,8.0,40.0,5.0,20.0,85.0,9.0,68.0,0.0,66.0,17.0,4.0,93.0,65.0,8.0,31.0,124.0,509.0,221.0,13.0,1072.0,6.0,167.0,33.0,10.0
120.0,13.0,84.0,5.0,624.0,31.0,10.0,0.0,709.0,21.0,4.0,497.0,20.0,1.0,9.0,39.0,667.0,48.0,67.0,151.0,163.0,33.0,342.0,21.0,0.0,8.0,45.0,10.0,37.0,101.0,2.0,78.0,0.0,70.0,11.0,4.0,107.0,46.0,9.0,59.0,146.0,367.0,205.0,7.0,1256.0,7.0,159.0,28.0,5.0
100.0,14.0,105.0,3.0,636.0,32.0,20.0,0.0,649.0,24.0,2.0,623.0,23.0,2.0,16.0,66.0,717.0,28.0,60.0,130.0,162.0,26.0,360.0,12.0,0.0,4.0,44.0,10.0,38.0,110.0,8.0,81.0,0.0,88.0,40.0,4.0,127.0,18.0,2.0,58.0,151.0,400.0,59.0,13.0,1360.0,7.0,120.0,35.0,17.0
169.0,14.0,309.0,40.0,668.0,22.0,64.0,3.0,903.0,27.0,10.0,640.0,70.0,4.0,61.0,116.0,788.0,46.0,55.0,177.0,206.0,62.0,375.0,65.0,0.0,11.0,75.0,10.0,371.0,128.0,115.0,122.0,5.0,122.0,27.0,34.0,141.0,22.0,68.0,76.0,158.0,654.0,235.0,15.0,1352.0,18.0,177.0,45.0,20.0
124.0,18.0,262.0,34.0,760.0,44.0,48.0,2.0,1065.0,22.0,9.0,571.0,63.0,6.0,55.0,101.0,762.0,40.0,72.0,150.0,236.0,75.0,394.0,87.0,8.0,7.0,81.0,8.0,376.0,110.0,141.0,129.0,2.0,125.0,102.0,25.0,121.0,17.0,54.0,90.0,133.0,571.0,180.0,19.0,1407.0,15.0,218.0,36.0,30.0
153.0,7.0,321.0,45.0,812.0,43.0,41.0,5.0,1114.0,21.0,10.0,743.0,36.0,4.0,96.0,169.0,767.0,46.0,97.0,198.0,314.0,55.0,424.0,84.0,7.0,9.0,96.0,9.0,383.0,107.0,175.0,154.0,10.0,121.0,47.0,41.0,150.0,40.0,102.0,73.0,143.0,541.0,192.0,13.0,1519.0,20.0,168.0,45.0,30.0
185.0,12.0,303.0,57.0,833.0,37.0,49.0,8.0,1105.0,28.0,15.0,742.0,37.0,7.0,55.0,260.0,855.0,49.0,82.0,189.0,310.0,73.0,511.0,95.0,5.0,5.0,103.0,14.0,408.0,125.0,146.0,184.0,11.0,145.0,152.0,38.0,142.0,22.0,103.0,98.0,162.0,589.0,201.0,9.0,1673.0,23.0,169.0,38.0,25.0
213.0,8.0,265.0,62.0,849.0,15.0,70.0,11.0,1334.0,30.0,8.0,804.0,74.0,3.0,56.0,168.0,896.0,48.0,88.0,230.0,408.0,61.0,555.0,120.0,4.0,14.0,160.0,19.0,427.0,154.0,148.0,171.0,2.0,161.0,136.0,67.0,177.0,25.0,108.0,77.0,206.0,581.0,178.0,5.0,1834.0,19.0,175.0,59.0,33.0
195.0,13.0,245.0,77.0,942.0,28.0,79.0,1.0,1434.0,22.0,13.0,827.0,56.0,17.0,71.0,173.0,897.0,33.0,115.0,210.0,391.0,50.0,575.0,99.0,6.0,20.0,189.0,19.0,356.0,151.0,194.0,243.0,2.0,139.0,118.0,81.0,187.0,23.0,78.0,96.0,163.0,607.0,247.0,5.0,1741.0,21.0,178.0,49.0,36.0
222.0,18.0,389.0,81.0,993.0,41.0,69.0,4.0,1440.0,24.0,13.0,899.0,36.0,14.0,70.0,259.0,980.0,43.0,91.0,255.0,401.0,61.0,432.0,120.0,5.0,13.0,161.0,15.0,433.0,152.0,182.0,265.0,6.0,149.0,157.0,44.0,186.0,19.0,118.0,117.0,226.0,673.0,233.0,9.0,1895.0,28.0,152.0,38.0,22.0
134.0,13.0,218.0,45.0,865.0,17.0,42.0,1.0,1505.0,25.0,10.0,744.0,37.0,9.0,98.0,181.0,1032.0,27.0,109.0,185.0,266.0,60.0,603.0,99.0,4.0,12.0,198.0,10.0,470.0,130.0,194.0,218.0,5.0,104.0,110.0,45.0,139.0,10.0,110.0,92.0,239.0,550.0,245.0,10.0,1995.0,21.0,119.0,21.0,21.0
209.0,17.0,333.0,59.0,1091.0,67.0,71.0,1.0,1538.0,31.0,19.0,860.0,60.0,27.0,125.0,356.0,1071.0,44.0,114.0,220.0,267.0,118.0,536.0,141.0,1.0,29.0,240.0,13.0,501.0,155.0,261.0,280.0,4.0,193.0,171.0,60.0,173.0,18.0,170.0,112.0,243.0,696.0,320.0,18.0,1995.0,30.0,142.0,44.0,17.0
212.0,10.0,396.0,54.0,1114.0,49.0,66.0,5.0,1486.0,42.0,14.0,894.0,74.0,13.0,102.0,169.0,1161.0,42.0,101.0,267.0,388.0,78.0,442.0,113.0,4.0,15.0,323.0,13.0,496.0,163.0,223.0,252.0,7.0,201.0,175.0,52.0,208.0,18.0,110.0,85.0,246.0,816.0,335.0,12.0,2012.0,23.0,173.0,61.0,32.0
310.0,10.0,550.0,73.0,1190.0,53.0,70.0,4.0,1544.0,51.0,19.0,943.0,81.0,13.0,100.0,211.0,1302.0,27.0,120.0,313.0,365.0,76.0,554.0,136.0,6.0,16.0,266.0,18.0,575.0,175.0,208.0,294.0,0.0,233.0,237.0,102.0,234.0,28.0,144.0,85.0,180.0,887.0,332.0,15.0,2072.0,58.0,175.0,34.0,57.0
347.0,19.0,591.0,48.0,1233.0,66.0,33.0,2.0,1928.0,28.0,17.0,978.0,49.0,14.0,135.0,413.0,1618.0,31.0,142.0,340.0,348.0,121.0,722.0,127.0,16.0,27.0,283.0,20.0,646.0,199.0,389.0,268.0,14.0,201.0,179.0,67.0,215.0,17.0,119.0,113.0,206.0,951.0,408.0,22.0,2552.0,73.0,246.0,45.0,66.0
345.0,17.0,479.0,66.0,1419.0,2.0,38.0,2.0,2084.0,24.0,31.0,1234.0,82.0,23.0,120.0,473.0,1938.0,31.0,148.0,315.0,366.0,105.0,730.0,224.0,4.0,24.0,390.0,5.0,894.0,183.0,537.0,194.0,3.0,228.0,244.0,219.0,298.0,21.0,208.0,104.0,174.0,960.0,449.0,19.0,3203.0,91.0,476.0,22.0,43.0
275.0,13.0,540.0,56.0,1559.0,65.0,48.0,4.0,1982.0,38.0,26.0,1267.0,82.0,21.0,163.0,266.0,1767.0,44.0,137.0,356.0,455.0,108.0,622.0,252.0,6.0,41.0,337.0,17.0,888.0,228.0,584.0,293.0,29.0,225.0,289.0,190.0,351.0,40.0,212.0,137.0,290.0,1076.0,409.0,22.0,3144.0,97.0,368.0,34.0,65.0
330.0,40.0,585.0,95.0,1490.0,55.0,59.0,18.0,1923.0,65.0,42.0,1350.0,102.0,29.0,214.0,394.0,1715.0,30.0,187.0,406.0,497.0,142.0,613.0,229.0,13.0,49.0,292.0,22.0,830.0,242.0,736.0,290.0,14.0,272.0,403.0,97.0,358.0,32.0,251.0,170.0,424.0,1450.0,377.0,28.0,2676.0,113.0,392.0,98.0,152.0
470.0,29.0,567.0,126.0,1441.0,79.0,111.0,9.0,2379.0,53.0,51.0,1443.0,108.0,56.0,345.0,462.0,1965.0,46.0,228.0,423.0,486.0,225.0,763.0,283.0,14.0,83.0,281.0,19.0,1009.0,305.0,913.0,397.0,35.0,358.0,463.0,143.0,465.0,28.0,360.0,245.0,417.0,1563.0,292.0,27.0,3049.0,186.0,619.0,150.0,109.0
449.0,31.0,569.0,178.0,1700.0,70.0,134.0,10.0,2370.0,77.0,34.0,1640.0,207.0,106.0,415.0,540.0,1943.0,40.0,261.0,583.0,580.0,236.0,663.0,410.0,11.0,80.0,308.0,28.0,1090.0,371.0,1174.0,431.0,68.0,431.0,609.0,168.0,535.0,82.0,475.0,298.0,433.0,1868.0,325.0,29.0,3173.0,130.0,564.0,179.0,136.0
538.0,36.0,647.0,308.0,1667.0,83.0,174.0,21.0,2666.0,60.0,34.0,1810.0,281.0,87.0,635.0,464.0,2473.0,50.0,275.0,737.0,777.0,247.0,1112.0,476.0,18.0,106.0,332.0,25.0,1180.0,504.0,1431.0,773.0,84.0,533.0,780.0,180.0,655.0,115.0,425.0,409.0,544.0,2774.0,297.0,57.0,3603.0,101.0,574.0,231.0,204.0
705.0,60.0,670.0,481.0,1395.0,73.0,232.0,16.0,3038.0,55.0,34.0,2297.0,306.0,125.0,796.0,689.0,2978.0,75.0,422.0,750.0,1001.0,279.0,1365.0,556.0,19.0,132.0,335.0,39.0,1175.0,641.0,1466.0,877.0,123.0,659.0,941.0,179.0,735.0,172.0,503.0,524.0,892.0,3508.0,293.0,37.0,5392.0,47.0,628.0,254.0,170.0
691.0,71.0,549.0,489.0,1245.0,8.0,234.0,40.0,3221.0,56.0,40.0,2435.0,363.0,108.0,590.0,1081.0,2832.0,52.0,581.0,714.0,1115.0,333.0,1238.0,411.0,4.0,69.0,248.0,59.0,938.0,615.0,1153.0,1044.0,74.0,694.0,680.0,171.0,698.0,210.0,507.0,474.0,883.0,2592.0,241.0,31.0,6048.0,41.0,841.0,228.0,138.0
650.0,59.0,564.0,390.0,1080.0,49.0,193.0,33.0,3464.0,56.0,28.0,2284.0,317.0,73.0,491.0,858.0,2549.0,56.0,579.0,669.0,1069.0,305.0,1344.0,354.0,8.0,56.0,240.0,65.0,812.0,562.0,811.0,1157.0,67.0,798.0,593.0,147.0,559.0,193.0,571.0,334.0,515.0,2635.0,258.0,50.0,7511.0,34.0,850.0,229.0,85.0
490.0,56.0,668.0,192.0,1082.0,60.0,175.0,18.0,2479.0,50.0,22.0,1743.0,201.0,42.0,367.0,633.0,2283.0,76.0,336.0,518.0,790.0,218.0,1165.0,243.0,5.0,42.0,241.0,41.0,632.0,445.0,407.0,994.0,74.0,494.0,460.0,139.0,374.0,138.0,408.0,243.0,628.0,2256.0,78.0,51.0,4085.0,35.0,815.0,171.0,85.0
567.0,29.0,604.0,207.0,1091.0,56.0,148.0,24.0,2487.0,68.0,29.0,1759.0,262.0,37.0,305.0,696.0,2156.0,88.0,345.0,460.0,868.0,206.0,954.0,231.0,7.0,45.0,201.0,39.0,575.0,402.0,419.0,670.0,53.0,435.0,320.0,97.0,301.0,112.0,346.0,225.0,507.0,2107.0,98.0,55.0,3677.0,20.0,798.0,167.0,120.0
477.0,40.0,506.0,153.0,1155.0,45.0,41.0,13.0,2683.0,39.0,22.0,1450.0,213.0,13.0,287.0,755.0,2003.0,85.0,310.0,435.0,753.0,164.0,843.0,169.0,9.0,57.0,238.0,33.0,451.0,368.0,383.0,423.0,24.0,401.0,274.0,127.0,299.0,63.0,387.0,241.0,325.0,1403.0,91.0,35.0,3654.0,26.0,769.0,157.0,66.0
586.0,45.0,559.0,124.0,925.0,60.0,98.0,10.0,3146.0,37.0,10.0,1440.0,193.0,25.0,224.0,850.0,1859.0,104.0,304.0,556.0,807.0,203.0,778.0,137.0,1.0,44.0,189.0,40.0,513.0,253.0,505.0,848.0,29.0,435.0,314.0,74.0,259.0,132.0,487.0,176.0,617.0,1258.0,95.0,42.0,4173.0,22.0,683.0,116.0,80.0
365.0,77.0,542.0,108.0,845.0,53.0,97.0,17.0,2505.0,26.0,10.0,1348.0,136.0,11.0,170.0,514.0,1465.0,74.0,344.0,668.0,624.0,207.0,667.0,107.0,8.0,26.0,163.0,33.0,620.0,215.0,568.0,603.0,32.0,322.0,187.0,41.0,309.0,121.0,309.0,165.0,540.0,1065.0,83.0,40.0,3963.0,32.0,574.0,49.0,60.0
222.0,61.0,488.0,74.0,809.0,45.0,115.0,13.0,1503.0,39.0,11.0,1169.0,140.0,14.0,149.0,315.0,1284.0,87.0,216.0,694.0,412.0,213.0,426.0,120.0,6.0,27.0,165.0,68.0,597.0,185.0,584.0,464.0,20.0,248.0,200.0,51.0,245.0,129.0,258.0,152.0,376.0,906.0,73.0,43.0,2675.0,16.0,318.0,114.0,41.0
210.0,48.0,380.0,73.0,746.0,37.0,86.0,13.0,1147.0,28.0,11.0,764.0,80.0,5.0,93.0,162.0,1199.0,101.0,154.0,527.0,348.0,172.0,616.0,93.0,2.0,16.0,129.0,26.0,508.0,199.0,343.0,318.0,18.0,216.0,134.0,39.0,209.0,104.0,191.0,120.0,228.0,835.0,77.0,43.0,1785.0,16.0,203.0,108.0,43.0
200.0,27.0,462.0,53.0,776.0,43.0,99.0,6.0,1027.0,38.0,5.0,676.0,81.0,7.0,80.0,105.0,1097.0,48.0,115.0,298.0,307.0,190.0,441.0,87.0,4.0,7.0,139.0,43.0,375.0,150.0,209.0,190.0,8.0,178.0,93.0,49.0,191.0,50.0,117.0,87.0,310.0,665.0,88.0,27.0,1282.0,15.0,137.0,48.0,44.0
149.0,25.0,420.0,47.0,797.0,53.0,89.0,1.0,905.0,27.0,11.0,681.0,66.0,5.0,71.0,79.0,1110.0,40.0,102.0,248.0,285.0,176.0,422.0,78.0,1.0,8.0,146.0,19.0,374.0,153.0,217.0,128.0,8.0,145.0,104.0,21.0,161.0,22.0,152.0,81.0,223.0,755.0,92.0,19.0,1122.0,16.0,80.0,52.0,32.0
164.0,41.0,487.0,65.0,660.0,39.0,62.0,2.0,929.0,26.0,11.0,617.0,57.0,6.0,51.0,55.0,847.0,38.0,71.0,198.0,210.0,156.0,374.0,76.0,0.0,6.0,169.0,15.0,331.0,166.0,221.0,114.0,19.0,114.0,74.0,52.0,148.0,21.0,86.0,69.0,151.0,665.0,83.0,19.0,915.0,12.0,78.0,49.0,46.0
164.0,19.0,342.0,28.0,629.0,23.0,19.0,0.0,862.0,13.0,7.0,715.0,21.0,6.0,37.0,38.0,976.0,31.0,74.0,210.0,222.0,152.0,383.0,16.0,0.0,6.0,144.0,24.0,337.0,137.0,163.0,103.0,8.0,119.0,84.0,32.0,94.0,17.0,86.0,75.0,196.0,419.0,76.0,11.0,865.0,14.0,59.0,33.0,33.0
168.0,17.0,444.0,37.0,640.0,39.0,13.0,4.0,804.0,19.0,14.0,576.0,16.0,2.0,12.0,30.0,1006.0,16.0,98.0,221.0,222.0,112.0,360.0,11.0,0.0,7.0,31.0,12.0,323.0,99.0,154.0,96.0,2.0,82.0,63.0,32.0,101.0,2.0,41.0,40.0,193.0,552.0,55.0,19.0,884.0,15.0,45.0,11.0,15.0
113.0,12.0,436.0,20.0,551.0,44.0,6.0,2.0,749.0,12.0,1.0,485.0,11.0,0.0,15.0,25.0,962.0,18.0,49.0,179.0,133.0,75.0,316.0,5.0,0.0,1.0,142.0,11.0,270.0,54.0,143.0,91.0,2.0,71.0,19.0,13.0,69.0,0.0,33.0,40.0,145.0,471.0,49.0,7.0,833.0,9.0,47.0,10.0,26.0
62.0,11.0,314.0,19.0,449.0,2.0,2.0,4.0,608.0,12.0,0.0,417.0,9.0,2.0,10.0,20.0,910.0,26.0,67.0,159.0,150.0,50.0,276.0,2.0,0.0,2.0,130.0,10.0,288.0,81.0,101.0,52.0,4.0,61.0,20.0,14.0,73.0,3.0,24.0,18.0,73.0,360.0,55.0,19.0,886.0,13.0,29.0,5.0,21.0
51.0,14.0,318.0,14.0,608.0,17.0,2.0,0.0,547.0,12.0,0.0,404.0,5.0,1.0,8.0,11.0,703.0,25.0,53.0,168.0,124.0,11.0,272.0,5.0,0.0,6.0,98.0,6.0,303.0,64.0,106.0,82.0,0.0,74.0,15.0,20.0,75.0,0.0,19.0,25.0,65.0,385.0,55.0,16.0,684.0,3.0,14.0,7.0,21.0
35.0,7.0,261.0,10.0,470.0,0.0,2.0,7.0,554.0,8.0,0.0,339.0,7.0,1.0,6.0,8.0,764.0,21.0,48.0,177.0,110.0,9.0,301.0,4.0,0.0,6.0,111.0,6.0,259.0,86.0,104.0,33.0,6.0,62.0,13.0,12.0,58.0,2.0,22.0,10.0,52.0,329.0,48.0,8.0,646.0,9.0,15.0,9.0,20.0
47.0,19.0,158.0,12.0,463.0,20.0,1.0,0.0,467.0,11.0,0.0,328.0,4.0,0.0,6.0,12.0,733.0,16.0,50.0,151.0,106.0,58.0,212.0,1.0,0.0,4.0,100.0,10.0,236.0,82.0,100.0,29.0,0.0,56.0,19.0,14.0,52.0,0.0,12.0,18.0,21.0,302.0,42.0,7.0,597.0,4.0,19.0,7.0,30.0
39.0,5.0,230.0,12.0,470.0,18.0,3.0,0.0,438.0,12.0,0.0,293.0,2.0,2.0,8.0,10.0,652.0,27.0,44.0,27.0,73.0,32.0,151.0,4.0,0.0,7.0,58.0,3.0,213.0,60.0,83.0,23.0,0.0,45.0,7.0,16.0,36.0,3.0,16.0,18.0,16.0,252.0,42.0,8.0,529.0,5.0,16.0,9.0,11.0
31.0,5.0,162.0,4.0,369.0,9.0,1.0,0.0,470.0,8.0,0.0,226.0,2.0,1.0,8.0,10.0,710.0,13.0,48.0,89.0,86.0,19.0,232.0,2.0,0.0,2.0,67.0,7.0,189.0,47.0,74.0,6.0,0.0,32.0,18.0,2.0,44.0,0.0,7.0,24.0,14.0,256.0,40.0,9.0,479.0,4.0,10.0,3.0,3.0
44.0,8.0,208.0,10.0,366.0,13.0,0.0,0.0,398.0,8.0,0.0,276.0,6.0,1.0,1.0,13.0,541.0,14.0,38.0,99.0,77.0,36.0,190.0,1.0,0.0,3.0,51.0,15.0,172.0,53.0,59.0,23.0,0.0,52.0,11.0,4.0,37.0,0.0,11.0,33.0,16.0,238.0,39.0,10.0,433.0,3.0,21.0,4.0,10.0
30.0,0.0,211.0,11.0,397.0,7.0,0.0,4.0,322.0,7.0,0.0,238.0,16.0,0.0,4.0,9.0,600.0,10.0,43.0,82.0,63.0,48.0,204.0,1.0,0.0,4.0,35.0,7.0,193.0,58.0,74.0,13.0,0.0,46.0,14.0,5.0,52.0,1.0,12.0,24.0,19.0,182.0,42.0,9.0,410.0,5.0,8.0,2.0,5.0
28.0,0.0,218.0,5.0,342.0,5.0,0.0,0.0,343.0,11.0,0.0,242.0,13.0,0.0,17.0,8.0,669.0,21.0,41.0,74.0,69.0,49.0,165.0,2.0,0.0,0.0,7.0,9.0,186.0,65.0,66.0,19.0,0.0,45.0,20.0,3.0,45.0,1.0,10.0,30.0,3.0,264.0,38.0,7.0,407.0,4.0,2.0,3.0,2.0
31.0,11.0,231.0,10.0,307.0,16.0,0.0,0.0,372.0,16.0,0.0,256.0,23.0,0.0,3.0,7.0,674.0,11.0,41.0,83.0,67.0,32.0,138.0,1.0,0.0,16.0,53.0,5.0,179.0,35.0,67.0,12.0,2.0,47.0,22.0,9.0,69.0,0.0,7.0,22.0,8.0,260.0,44.0,9.0,425.0,10.0,3.0,5.0,1.0
35.0,10.0,175.0,6.0,337.0,19.0,0.0,0.0,484.0,11.0,0.0,249.0,26.0,0.0,5.0,7.0,645.0,11.0,36.0,88.0,51.0,41.0,211.0,0.0,0.0,9.0,54.0,6.0,159.0,60.0,71.0,12.0,0.0,47.0,18.0,10.0,36.0,0.0,4.0,16.0,5.0,214.0,44.0,3.0,390.0,4.0,9.0,3.0,7.0
54.0,7.0,242.0,0.0,340.0,15.0,0.0,2.0,687.0,6.0,0.0,273.0,25.0,0.0,7.0,12.0,751.0,13.0,33.0,92.0,65.0,44.0,255.0,2.0,0.0,3.0,49.0,9.0,156.0,84.0,74.0,14.0,0.0,43.0,24.0,3.0,41.0,0.0,6.0,29.0,3.0,206.0,42.0,8.0,384.0,4.0,5.0,3.0,2.0
80.0,11.0,476.0,24.0,439.0,21.0,0.0,3.0,767.0,22.0,0.0,263.0,40.0,0.0,9.0,6.0,974.0,16.0,38.0,84.0,76.0,33.0,543.0,3.0,0.0,12.0,54.0,7.0,197.0,88.0,86.0,7.0,0.0,50.0,14.0,6.0,46.0,0.0,3.0,26.0,10.0,347.0,47.0,10.0,407.0,8.0,6.0,9.0,7.0